0
0 5 78 6 4 0 32768 0
0 0 0 0 0 0 32768 0
0 5 78 6 4 0 32768 0
0 4 1 6 0 0 32768 0
1
0 4 1 38 0 2 32768 47511
0 5 94 6 5 0 32768 0
2
0 5 94 6 5 0 32768 0
0 4 1 70 0 4 32768 0
0 4 1 6 0 0 32768 0
0 4 1 6 0 0 32768 0
0 6 22 2 1 0 32768 0
0 5 14 6 0 0 32768 0
0 5 30 6 1 0 32768 0
3
0 5 142 22 8 1 32768 0
4
0 4 17 38 1 2 32768 47489
5
0 5 30 6 1 0 32768 0
80 4 1 6 0 0 32768 47473
0 4 1 6 0 0 32768 0
64 4 1 6 0 0 32768 0
64 4 33 6 2 0 32768 47539
64 4 1 6 0 0 32768 0
6
0 5 46 38 2 2 32768 0
0 4 1 6 0 0 32768 0
7
0 1 0 0 0 0 32768 0
0 4 1 6 0 0 32768 0
0 6 6 2 0 0 32768 0
8
0 7 6 13 0 0 448 0
208 2 0 0 0 0 0 0
248 145 0 3 0 0 4 32768
9
64 5 14 22 0 1 32768 0
0 4 1 6 0 0 32768 0
10
0 5 110 70 6 4 32768 0
0 6 54 2 3 0 32768 0
11
0 7 6 61 0 3 448 0
0 5 14 6 0 0 32768 0
12
0 4 1 22 0 1 32768 0
0 6 6 2 0 0 32768 0
13
0 5 142 70 8 4 32768 0
0 4 1 6 0 0 32768 0
14
0 5 46 6 2 0 32768 0
0 4 1 70 0 4 32768 0
15
0 7 22 45 1 2 448 47601
224 2 0 0 0 0 0 47649
248 145 0 3 0 0 4 32768
16
0 4 1 6 0 0 32768 0
0 5 14 6 0 0 32768 47660
17
0 5 30 6 1 0 32768 0
64 4 1 22 0 1 160 47562
18
0 7 22 77 1 4 448 47489
0 4 1 6 0 0 32768 0
0 4 1 118 0 7 32768 0
0 4 1 6 0 0 32768 0
0 5 46 22 2 1 32768 0
19
0 5 30 134 1 8 32768 0
0 4 1 6 0 0 32768 0
20
0 5 46 6 2 0 32768 0
240 2 0 0 5 0 0 0
248 145 0 3 0 0 4 32768
21
0 5 46 6 2 0 32768 0
22
0 5 62 38 3 2 32768 47522
0 4 1 6 0 0 32768 0
23
0 5 30 54 1 3 32768 47489
0 4 1 6 0 0 32768 0
24
0 5 14 70 0 4 32768 0
0 4 1 6 0 0 32768 47500
25
0 4 1 6 0 0 32768 0
192 2 0 0 0 0 0 48421
248 145 0 3 0 0 4 32768
26
0 4 1 102 0 6 32768 0
0 5 14 6 0 0 32768 0
27
0 5 46 6 2 0 32768 0
28
0 4 1 38 0 2 32768 0
0 5 62 6 3 0 32768 0
0 4 1 6 0 0 32768 0
0 4 1 6 0 0 32768 47638
29
0 5 46 6 2 0 32768 47616
0 5 46 118 2 7 32768 47627
30
0 5 14 6 0 0 32768 0
0 4 17 54 1 3 32768 47489
31
0 4 1 6 0 0 32768 0
32
208 3 0 0 0 0 0 48694
0 5 46 6 2 0 32768 0
0 5 14 6 0 0 32768 0
0 5 46 6 2 0 32768 0
0 4 1 22 0 1 32768 0
0 4 1 6 0 0 32768 48492
0 4 1 118 1 7 32768 48421
0 5 78 22 4 1 32768 48406
0 5 14 118 0 7 32768 48391
248 145 0 3 0 0 4 32768
0 5 14 6 0 0 32768 0
33
0 5 46 6 2 0 32768 0
0 5 14 6 0 0 32768 0
34
0 5 14 6 0 0 32768 0
0 4 1 70 0 4 32768 0
35
0 5 14 70 0 4 32768 0
0 4 1 6 0 0 32768 0
36
0 5 46 22 2 1 32768 0
37
0 4 1 6 0 0 32768 0
38
0 5 14 6 0 0 32768 0
0 4 1 102 0 6 32768 0
39
0 4 1 22 0 1 32768 0
40
0 5 14 102 0 6 32768 0
0 4 33 38 2 2 32768 0
0 5 14 6 0 0 32768 0
41
0 4 1 6 0 0 32768 0
0 5 110 6 6 0 32768 0
0 5 30 22 1 1 32768 48432
0 4 1 6 0 0 32768 0
0 5 14 6 0 0 32768 0
0 1 30 6 1 0 32768 0
0 5 110 6 6 0 32768 0
0 4 1 22 0 1 32768 0
0 4 1 6 0 0 32768 0
42
0 5 62 6 3 0 32768 0
0 7 6 46 0 2 32768 0
43
0 4 1 6 0 0 32768 48576
0 6 54 3 3 0 32768 0
44
0 0 0 0 2 3 32768 0
0 4 33 70 2 4 32768 0
45
0 5 62 102 3 6 32768 0
0 4 1 38 0 2 32768 0
0 4 1 6 0 0 32768 0
46
0 5 30 6 1 0 32768 0
0 4 1 6 0 0 32768 0
224 3 0 0 0 0 0 0
248 145 0 3 0 0 4 32768
47
0 5 126 38 7 2 32768 0
0 4 1 38 0 2 32768 0
0 5 14 6 0 0 32768 0
48
0 5 14 6 0 0 32768 0
0 5 30 6 1 0 32768 0
49
0 5 126 54 7 3 32768 0
0 4 1 70 0 4 32768 0
50
0 4 1 166 0 10 32768 48391
0 5 30 6 1 0 32768 0
51
0 4 1 6 0 0 32768 0
0 5 14 6 0 0 32768 0
0 4 33 182 2 11 32768 48421
0 5 14 6 0 0 32768 0
52
0 4 1 6 0 0 32768 0
53
0 4 1 102 0 6 32768 48464
54
0 4 1 134 0 8 32768 0
0 5 78 86 4 5 32768 48475
55
0 4 1 150 0 9 32768 48503
56
0 4 1 22 0 1 32768 48677
57
0 5 62 70 3 4 32768 0
0 4 1 6 0 0 32768 0
58
0 5 30 22 1 1 32768 0
59
0 4 17 6 1 0 32768 48640
60
0 4 33 6 2 0 32768 48522
0 5 14 6 0 0 32768 0
61
0 4 1 6 0 0 32768 0
62
0 4 1 86 0 5 32768 0
63
0 4 1 22 0 1 32768 48406
64
0 4 1 6 0 0 32768 0
0 5 94 6 5 0 32768 0
0 5 126 6 7 0 32768 0
0 4 1 6 0 0 32768 0
0 5 14 6 0 0 32768 0
65
0 5 30 6 1 0 32768 0
0 4 1 102 0 6 32768 0
66
0 4 1 6 0 0 32768 0
67
0 5 14 6 0 0 32768 0
0 4 1 86 0 5 32768 48666
68
0 5 46 6 2 0 32768 0
0 5 30 6 1 0 32768 0
0 5 46 6 2 0 32768 0
240 3 0 0 0 0 0 0
64 4 1 6 0 0 32768 48559
248 145 0 3 0 0 4 32768
0 4 1 6 0 0 32768 0
69
0 4 1 54 0 3 32768 0
70
0 4 1 118 0 7 32768 48651
71
0 5 14 150 0 9 32768 48544
0 4 1 22 0 1 32768 0
72
0 5 30 6 1 0 32768 0
64 4 1 6 0 0 32768 0
0 4 1 6 0 0 32768 0
73
0 5 30 6 1 0 32768 48625
74
0 5 46 6 2 0 32768 48447
0 5 14 6 0 0 32768 0
0 7 6 12 0 0 576 0
75
0 4 1 22 0 1 32768 0
76
0 6 22 19 1 1 448 0
0 4 1 6 0 0 32768 0
0 4 1 6 0 0 32768 0
77
0 5 30 22 1 1 32768 0
0 4 1 22 0 1 32768 0
78
0 5 94 6 5 0 32768 0
0 4 1 22 0 1 32768 0
0 4 1 6 0 0 32768 0
79
0 5 30 22 1 1 32768 0
0 4 1 6 0 0 32768 0
80
0 5 14 102 0 6 32768 0
0 4 1 6 0 0 32768 0
81
0 4 1 150 0 9 32768 48544
82
0 5 14 6 0 0 32768 48533
83
0 5 78 6 4 0 32768 0
208 2 0 0 0 0 0 0
248 145 0 3 0 0 4 32768
84
64 5 14 22 0 1 32768 48593
0 4 1 6 0 0 32768 0
192 2 0 0 0 0 0 0
248 145 0 3 0 0 4 32768
85
0 5 30 22 1 1 32768 0
86
0 5 62 6 3 0 32768 48610
87
0 5 14 70 0 4 32768 0
88
0 4 49 38 3 2 32768 0
0 5 14 38 0 2 32768 0
89
0 5 46 6 2 0 32768 0
0 4 1 6 0 0 32768 0
90
0 5 14 54 0 3 32768 0
0 4 1 6 0 0 32768 0
91
0 5 110 38 6 2 32768 0
0 4 1 6 0 0 32768 0
0 5 30 6 1 0 32768 0
0 4 1 6 0 0 32768 0
208 3 0 0 0 0 0 0
248 145 0 3 0 0 4 32768
0 4 1 6 0 0 32768 0
0 5 14 6 0 0 32768 0
92
0 5 30 6 1 0 32768 0
0 5 30 6 1 0 32768 0
0 4 1 54 0 3 32768 0
0 5 14 6 0 0 32768 0
93
0 5 14 6 0 0 32768 0
0 4 49 6 3 0 32768 49146
94
0 5 30 22 1 1 32768 49210
95
0 4 1 6 0 0 32768 0
0 4 1 6 0 0 32768 0
0 4 1 6 0 0 32768 0
96
0 4 1 54 0 3 32768 49391
0 4 1 6 0 0 32768 0
97
0 5 14 54 0 3 32768 0
0 5 62 22 3 1 32768 0
0 4 1 6 0 0 32768 0
0 4 1 6 0 0 32768 0
0 6 54 2 3 0 32768 0
98
0 5 30 6 1 0 32768 0
0 7 198 45 12 2 448 0
99
0 4 1 22 0 1 32768 49174
100
0 5 14 102 0 6 32768 0
0 4 193 6 12 0 32768 0
101
0 4 1 86 0 5 32768 0
0 5 14 6 0 0 32768 0
102
0 4 1 6 0 0 32768 49114
0 5 14 6 0 0 32768 0
0 6 6 2 0 0 32768 0
0 4 1 6 0 0 32768 0
103
0 5 30 22 1 1 32768 0
104
0 4 1 6 0 0 32768 0
105
0 7 6 29 0 1 448 0
0 5 46 6 2 0 32768 0
0 4 1 6 0 0 32768 0
0 6 102 34 6 2 320 0
106
0 5 14 54 0 3 32768 0
107
0 5 14 6 0 0 32768 0
0 4 1 6 0 0 32768 0
108
0 7 6 77 0 4 448 0
0 5 14 38 0 2 32768 0
109
0 5 30 6 1 0 32768 0
0 4 1 6 0 0 32768 0
110
0 5 14 6 0 0 32768 0
0 4 1 38 0 2 32768 0
111
0 4 1 22 0 1 32768 0
0 4 1 6 0 0 32768 0
112
0 4 1 6 0 0 32768 49363
113
0 4 1 6 0 0 32768 0
0 5 30 6 1 0 32768 0
114
0 5 30 6 1 0 32768 0
0 5 78 6 4 0 32768 0
0 5 30 6 1 0 32768 0
0 6 6 2 0 0 32768 49374
0 4 1 6 0 0 32768 0
0 4 1 22 0 1 32768 0
0 5 14 6 0 0 32768 0
115
0 5 14 6 0 0 32768 49129
0 4 1 6 0 0 32768 0
116
0 5 190 22 11 1 32768 0
117
0 5 30 22 1 1 32768 0
0 4 1 6 0 0 32768 0
0 4 1 22 0 1 32768 0
0 4 1 6 0 0 32768 0
0 4 17 6 1 0 32768 0
118
0 5 14 22 0 1 32768 0
0 5 14 38 0 2 32768 0
0 4 1 6 0 0 32768 0
119
0 5 62 6 3 0 32768 0
120
0 5 14 54 0 3 32768 0
0 4 33 6 2 0 32768 0
121
0 5 62 6 3 0 32768 0
0 5 30 6 1 0 32768 0
122
0 5 46 6 2 0 32768 0
0 4 1 38 0 2 32768 49189
0 5 62 6 3 0 32768 0
0 5 62 6 3 0 32768 0
123
0 5 14 38 0 2 32768 0
0 4 17 6 1 0 32768 0
124
0 7 6 61 0 3 448 0
0 4 1 6 0 0 32768 0
0 4 1 6 0 0 32768 0
125
0 4 17 38 1 2 32768 0
0 5 14 6 0 0 32768 0
126
0 4 1 6 0 0 32768 0
160 2 0 0 4 0 0 0
248 145 0 3 0 0 4 32768
0 5 14 6 0 0 32768 0
127
0 5 126 6 7 0 32768 0
0 4 1 54 0 3 32768 0
0 5 14 6 0 0 32768 0
128
0 5 46 22 2 1 32768 0
0 4 1 38 0 2 32768 0
129
0 5 206 38 12 2 32768 0
0 4 1 6 0 0 32768 0
0 7 6 45 0 2 512 0
130
0 5 14 6 0 0 32768 0
0 4 1 22 0 1 32768 49402
131
0 5 62 6 3 0 32768 0
0 4 1 6 0 0 32768 0
132
0 5 14 22 0 1 32768 0
133
0 5 30 6 1 0 32768 0
0 4 1 6 0 0 32768 0
134
0 4 1 70 0 4 32768 0
135
0 4 1 22 0 1 32768 0
136
0 5 14 6 0 0 32768 0
0 4 1 6 0 0 32768 0
137
0 4 1 22 0 1 32768 0
0 6 54 2 3 0 320 0
138
0 4 1 6 0 0 32768 0
0 5 14 86 0 5 32768 0
139
0 5 174 22 12 1 32768 0
140
0 4 1 6 0 0 32768 0
141
0 4 1 6 0 0 32768 49289
0 4 1 38 0 2 32768 0
142
0 5 30 6 1 0 32768 0
0 4 1 22 0 1 32768 0
176 3 0 0 0 0 0 0
248 145 0 3 0 0 4 32768
143
0 5 46 38 2 2 32768 49054
0 4 1 38 0 2 32768 0
144
0 5 14 6 0 0 32768 0
0 4 1 38 0 2 32768 49238
145
0 5 14 22 0 1 32768 0
146
0 5 14 6 0 0 32768 0
0 4 1 6 0 0 32768 0
147
0 5 14 6 0 0 32768 0
0 4 1 6 0 0 32768 0
148
0 5 126 38 7 2 32768 0
0 4 1 54 0 3 32768 0
0 5 126 38 7 2 32768 0
0 5 62 6 3 0 32768 0
0 4 1 6 0 0 32768 0
149
0 5 14 6 0 0 32768 0
255 255 255 255 0 0 2048 2562
150
0 5 14 6 0 0 32768 0
0 4 1 6 0 0 32768 49314
151
0 5 14 38 0 2 32768 49238
0 4 1 86 0 5 32768 0
152
0 5 46 6 2 0 32768 0
0 4 1 6 0 0 32768 0
153
0 5 62 6 3 0 32768 49419
0 4 1 22 0 1 32768 0
0 5 62 6 3 0 32768 0
154
0 5 14 22 0 1 32768 0
0 4 1 6 0 0 32768 49255
155
0 5 62 38 3 2 32768 0
0 4 1 6 0 0 32768 49325
0 6 6 2 0 0 32768 0
156
0 5 30 6 1 0 32768 49272
0 7 70 13 4 0 448 49083
157
0 6 86 2 5 0 32768 0
0 5 62 6 3 0 32768 0
0 4 17 54 1 3 32768 0
0 4 1 6 0 0 32768 0
158
0 5 46 6 2 0 32768 0
0 7 38 77 2 4 512 0
159
0 5 46 6 2 0 32768 0
0 4 17 38 1 2 32768 49227
160
0 5 94 6 5 0 32768 0
0 4 1 6 0 0 32768 0
161
0 4 1 22 0 1 32768 0
162
0 4 1 6 0 0 32768 0
0 4 1 6 0 0 32768 0
0 5 30 22 1 1 32768 0
163
0 5 30 22 1 1 32768 0
0 4 1 6 0 0 32768 0
0 5 14 6 0 0 32768 49346
164
0 5 14 54 0 3 32768 0
165
64 5 126 22 7 1 32768 0
64 5 14 6 0 0 32768 0
0 5 14 6 0 0 32768 0
166
64 5 126 70 7 4 32768 0
0 4 65 54 4 3 32768 0
167
0 6 70 2 4 0 32768 0
0 4 1 6 0 0 32768 0
64 5 126 6 7 0 32768 0
168
0 5 110 6 6 0 32768 0
169
0 5 62 6 3 0 32768 57816
0 4 1 6 0 0 32768 0
0 5 14 6 0 0 32768 0
0 6 38 2 2 0 32768 0
0 7 70 14 4 0 448 0
0 4 1 6 0 0 32768 0
0 4 1 6 0 0 32768 0
170
0 5 30 6 1 0 32768 57832
0 4 1 38 0 2 32768 0
171
64 4 1 70 0 4 32768 0
0 5 30 6 1 0 32768 0
0 5 46 6 2 0 32768 0
172
0 4 1 6 0 0 32768 57843
173
0 7 70 125 4 7 448 57882
0 5 14 6 0 0 32768 0
0 4 1 6 0 0 32768 0
174
0 4 1 6 0 0 32768 0
175
0 5 78 6 4 0 32768 57854
176
0 5 78 70 4 4 32768 0
0 4 1 6 0 0 32768 0
177
0 4 65 102 4 6 32768 0
178
0 5 94 102 5 6 32768 57871
179
64 5 94 54 5 3 32768 0
0 4 17 38 1 2 32768 57897
180
0 5 78 54 4 3 32768 0
181
0 5 14 38 0 2 32768 0
182
0 7 22 125 1 7 512 0
0 5 14 6 0 0 32768 0
0 4 1 22 0 1 32768 58181
0 4 1 6 0 0 32768 0
183
0 0 0 0 0 1 32768 58232
64 5 30 22 1 1 32768 0
184
0 1 0 0 0 1 32768 58232
64 4 1 6 0 0 32768 0
0 4 1 22 0 1 32768 58198
185
0 6 6 2 0 0 368 0
0 4 1 6 0 0 32768 0
0 4 1 38 0 2 32768 0
0 4 1 6 0 0 32768 0
0 0 0 0 1 2 32768 0
186
0 5 46 102 2 6 32768 0
0 4 1 54 0 3 32768 0
0 7 22 61 1 3 448 0
0 7 70 61 4 3 448 0
187
0 5 62 38 3 2 32768 0
188
0 5 30 118 1 7 32768 0
0 0 0 0 0 0 32768 0
189
0 7 38 29 2 1 448 0
0 5 30 6 1 0 32768 0
0 6 6 2 0 0 32768 0
0 6 54 2 3 0 32768 0
0 1 0 0 2 2 32768 0
0 4 1 38 0 2 32768 0
190
0 6 38 2 2 0 32768 0
64 5 46 54 2 3 32768 58215
191
0 4 1 6 0 0 320 0
192
0 5 30 6 1 0 32768 0
0 4 1 22 0 1 32768 0
193
0 5 94 6 5 0 32768 0
0 7 6 45 0 2 448 0
0 4 1 22 0 1 32768 0
194
0 5 62 22 3 1 32768 0
0 6 6 2 0 0 32768 0
0 0 0 0 0 2 32768 0
195
0 5 62 6 3 0 32768 0
0 4 1 6 0 0 32768 0
0 5 62 6 3 0 32768 0
0 4 1 6 0 0 32768 0
196
0 1 0 0 0 0 32768 0
0 4 1 6 0 0 32768 0
197
0 5 14 6 0 0 32768 0
0 4 1 6 0 0 32768 0
198
0 5 14 6 0 0 32768 0
199
0 5 14 6 0 0 32768 0
0 4 1 86 0 5 32768 0
200
0 5 110 6 6 0 32768 0
0 4 1 6 0 0 32768 0
208 3 0 0 0 0 0 0
254 147 64 5 126 22 263 32768
201
0 4 1 6 0 0 32768 0
0 2 0 0 0 0 32768 58001
0 4 1 54 0 3 32768 0
0 4 1 6 0 0 32768 0
202
0 5 46 22 2 1 32768 0
0 4 1 6 0 0 32768 0
203
0 5 14 22 0 1 32768 58198
204
0 5 14 70 0 4 32768 0
205
0 6 6 2 0 0 32768 58121
0 7 6 45 0 2 512 58113
206
0 4 1 6 0 0 32768 0
0 2 0 0 0 0 32768 0
0 5 62 54 3 3 32768 0
207
0 5 14 6 0 0 32768 0
0 4 1 22 0 1 32768 0
208
0 5 62 6 3 0 32768 0
0 4 1 6 0 0 32768 0
0 3 0 0 0 9 32768 57964
209
0 5 14 22 0 1 32768 0
0 4 1 54 0 3 32768 58275
210
0 3 0 0 0 1 32768 0
0 2 0 0 2 0 32768 0
211
0 3 0 0 0 1 32768 0
0 2 0 0 1 0 32768 0
212
0 3 0 0 1 2 32768 0
0 2 0 0 1 0 32768 0
213
0 3 0 0 3 2 32768 0
0 2 0 0 0 0 32768 0
214
0 5 30 54 1 3 32768 58264
0 2 0 0 0 0 32768 0
0 2 0 0 0 0 32768 0
0 7 6 13 0 0 448 0
0 4 1 6 0 0 32768 0
0 5 14 6 0 0 32768 0
215
0 5 62 86 3 5 32768 0
0 4 1 22 0 1 32768 0
216
0 6 6 2 0 0 32768 0
0 4 1 6 0 0 32768 0
217
0 5 46 6 2 0 32768 0
0 4 1 38 0 2 32768 0
0 4 1 6 0 0 32768 0
0 5 14 54 0 3 32768 58297
218
0 5 14 54 0 3 32768 58275
0 4 1 6 0 0 32768 0
219
0 5 62 6 3 0 32768 0
220
0 5 94 22 5 1 32768 0
221
0 1 0 0 0 0 32768 0
0 4 1 6 0 0 32768 0
0 4 1 6 0 0 32768 0
222
0 4 1 38 0 2 32768 0
223
0 5 110 22 6 1 32768 0
0 5 30 6 1 0 32768 0
224
0 5 30 6 1 0 32768 58253
0 2 0 0 1 0 32768 0
0 2 0 0 0 0 32768 0
0 4 1 38 0 2 32768 0
225
0 4 1 6 0 0 32768 0
0 5 110 6 6 0 32768 0
226
0 5 78 38 4 2 32768 58136
227
0 2 0 0 0 0 32768 0
228
0 2 0 0 2 0 32768 0
0 2 0 0 3 0 32768 0
229
0 5 14 22 0 1 32768 58312
0 4 1 6 0 0 32768 0
230
0 5 110 6 6 0 32768 0
0 4 1 6 0 0 32768 0
0 4 1 6 0 0 32768 0
0 5 78 22 4 1 32768 0
231
0 5 62 6 3 0 32768 0
0 4 1 6 0 0 32768 0
232
0 4 1 22 0 1 32768 0
233
0 5 14 6 0 0 32768 0
234
0 5 14 6 0 0 32768 0
0 4 1 6 0 0 32768 0
235
0 5 14 6 0 0 32768 0
0 4 1 22 0 1 32768 0
236
0 4 1 38 0 2 32768 58329
0 5 14 6 0 0 32768 0
237
0 5 94 6 5 0 32768 0
208 3 0 0 0 1 0 58560
254 147 64 5 126 22 263 32768
0 4 1 6 0 0 32768 0
238
0 4 1 54 0 3 32768 0
0 5 14 6 0 0 32768 0
239
0 4 1 6 0 0 32768 0
0 4 1 6 0 0 32768 0
240
0 5 14 22 0 1 32768 0
0 4 1 6 0 0 32768 0
241
0 5 94 6 5 0 32768 0
0 6 22 3 1 0 32768 0
242
0 7 6 30 0 1 448 0
0 5 30 6 1 0 32768 0
243
0 4 1 6 0 0 32768 0
0 5 62 6 3 0 32768 0
244
0 4 1 6 0 0 32768 0
0 1 0 0 0 0 32768 0
245
0 0 0 0 0 0 32768 0
0 4 1 6 0 0 32768 0
0 5 14 6 0 0 32768 0
246
0 4 1 22 0 1 32768 0
247
0 4 1 38 0 2 32768 0
248
0 5 14 22 0 1 32768 0
0 4 1 6 0 0 32768 0
249
0 5 62 6 3 0 32768 0
0 5 14 6 0 0 32768 0
0 5 62 6 3 0 32768 0
250
0 4 1 22 0 1 32768 0
251
0 4 1 6 0 0 32768 0
0 6 6 3 0 0 32768 0
252
0 7 6 12 0 0 512 0
0 4 1 22 0 1 32768 0
253
0 5 14 22 0 1 32768 0
0 4 1 54 0 3 32768 0
254
0 5 94 6 5 0 32768 0
64 4 1 134 0 8 32768 58575
255
0 5 14 54 0 3 32768 0
256
0 0 0 0 0 0 32768 58643
257
0 1 0 0 0 2 32768 58592
0 0 0 0 0 0 32768 0
258
0 1 0 0 1 0 32768 0
0 0 0 0 0 0 32768 0
259
0 1 0 0 0 1 32768 0
0 0 0 0 0 0 32768 0
260
0 1 0 0 1 0 32768 0
0 0 0 0 0 0 32768 0
261
0 1 0 0 1 0 32768 0
262
0 5 78 6 4 0 32768 0
0 0 0 0 0 0 32768 0
0 5 78 6 4 0 32768 0
0 4 1 6 0 0 32768 0
