0 0
35853
53375 1152 1144 0 9216 0 0 0
53439 1152 1144 0 9216 0 0 0
53439 1152 1144 0 9216 0 0 1
57855 81 1194 0 8192 0 0 0
57855 128 1212 0 8192 0 0 0
57855 161 1232 0 8192 0 0 0
57855 229 1239 0 8192 0 0 0
57855 347 1239 0 8192 0 0 0
57855 413 1237 0 8192 0 0 0
57855 448 1225 0 8192 0 0 0
57855 546 1224 0 8192 0 0 0
57855 579 1220 0 8192 0 0 0
57855 636 1230 0 8192 0 0 0
57855 791 1239 0 8192 0 0 0
57855 831 1225 0 8192 0 0 0
57855 876 1206 0 8192 0 0 0
57855 912 1193 0 8192 0 0 0
57855 985 1207 0 8192 0 0 0
57855 1050 1241 0 8192 0 0 0
57855 1180 1240 0 8192 0 0 0
57855 1273 1226 0 8192 0 0 0
57855 1317 1211 0 8192 0 0 0
57855 1367 1225 0 8192 0 0 0
57855 1478 1236 0 8192 0 0 0
57855 1572 1236 0 8192 0 0 0
0 1
34877
53375 1152 1144 0 9216 0 0 0
53439 1152 1144 0 9216 0 0 0
53439 1152 1144 0 9216 0 0 1
0 2
34877
53375 1152 1144 0 9216 0 0 0
53439 1152 1144 0 9216 0 0 0
53439 1152 1144 0 9216 0 0 1
0 3
34877
53375 1152 1144 0 9216 0 0 0
53439 1152 1144 0 9216 0 0 0
53439 1152 1144 0 9216 0 0 1
1 0
33914
59327 1032 56 0 8192 0 112 0
59327 760 200 0 8192 0 112 1
59327 504 56 0 8192 0 112 0
54847 881 101 0 8192 0 0 0
54847 570 125 0 10240 0 1 0
54847 358 119 0 8192 0 0 0
59327 264 200 0 8192 0 112 1
1 1
33914
59327 1032 56 0 8192 0 112 0
59327 760 200 0 8192 0 112 1
59327 504 56 0 8192 0 112 0
54847 881 101 0 8192 0 0 0
54847 570 125 0 10240 0 1 0
54847 358 119 0 8192 0 0 0
59327 264 200 0 8192 0 112 1
2 0
36256
57855 325 181 0 8192 0 0 0
57855 441 186 0 8192 0 0 0
57855 478 169 0 8192 0 0 0
57855 551 177 0 8192 0 0 0
57855 573 185 0 8192 0 0 0
57855 623 192 0 8192 0 0 0
57855 689 208 0 8192 0 0 0
57855 721 200 0 8192 0 0 0
57855 779 192 0 8192 0 0 0
57855 815 160 0 8192 0 0 0
57855 862 136 0 8192 0 0 0
57855 900 119 0 8192 0 0 0
57855 988 121 0 8192 0 0 0
57855 1022 142 0 8192 0 0 0
57855 1055 161 0 8192 0 0 0
57855 1116 196 0 8192 0 0 0
57855 1151 179 0 8192 0 0 0
57855 1194 174 0 8192 0 0 0
57855 1228 166 0 8192 0 0 0
2 1
33377
56575 1176 64 2 10241 0 1 0
56575 1055 136 3 10241 0 1 0
56575 1096 184 3 8193 0 1 0
56191 766 59 0 8192 0 0 0
56191 702 91 0 8192 0 0 0
56191 638 59 0 8192 0 0 0
56575 416 376 3 8193 0 1 0
54399 440 552 0 8192 0 16 0
56575 296 1080 0 8195 0 1 0
56575 468 1080 3 8192 0 1 0
56575 384 1032 3 8193 0 1 0
56575 360 808 0 8194 0 1 0
56575 490 746 1 8195 0 1 0
56575 456 632 3 8193 0 1 0
56575 385 277 2 8193 0 1 0
54399 941 488 0 8192 0 16 0
2 2
34554
55423 1214 192 0 9216 0 43522 80
55423 1188 201 0 9216 0 46338 80
55423 1211 207 0 9216 0 53251 80
55423 1252 65 0 9216 0 18436 128
55423 1109 42 0 9216 0 24579 160
55423 1087 46 0 9216 0 27651 160
55423 1135 39 0 9216 0 30722 160
55423 984 195 0 9216 0 51715 80
55423 978 201 0 9216 0 51203 80
55423 987 206 0 9216 0 57858 80
55423 283 188 0 9216 0 40962 80
55423 274 196 0 9216 0 43778 80
55423 300 553 0 9216 0 31747 128
55423 292 557 0 9216 0 37891 128
55423 323 575 0 9216 0 33794 128
55423 319 703 0 9216 0 41218 64
55423 325 698 0 9216 0 37123 64
55423 317 707 0 9216 0 35842 64
55423 269 731 0 9216 0 44035 128
55423 421 1248 0 9216 0 59396 32
3 0
32981
59839 136 216 0 10240 0 0 0
59839 264 216 0 10240 0 0 0
59839 376 216 0 10240 0 0 0
4 0
34264
5 0
34436
55039 1188 1392 0 8192 0 16 528
55039 971 1402 0 8192 0 272 528
61843 632 704 0 26880 0 0 0
54271 1424 1072 16 10240 0 1376 1472
55295 336 216 0 40960 0 0 16
55295 904 88 0 40960 0 0 16
55295 880 352 0 40960 0 1 16
6 0
35196
54207 112 204 0 8192 0 516 0
54207 224 204 0 8192 0 516 0
54207 336 204 0 8192 0 516 0
54847 170 93 0 10240 0 0 0
54847 233 117 0 10240 0 1 0
54847 310 99 0 10240 0 0 0
7 0
36633
60095 612 115 0 10240 0 0 0
60159 612 115 0 11264 0 32 0
60095 168 135 0 10240 0 0 0
60159 168 135 0 11264 0 32 0
55167 408 472 3 10241 0 1 0
55167 357 538 3 8192 0 1 0
8 0
35700
55103 128 192 0 11264 0 0 320
9 0
32770
54207 336 1356 0 8192 0 515 16
54207 400 1292 0 8192 0 515 16
54207 532 1340 0 8192 0 515 16
54207 1480 1470 0 8192 0 515 16
54207 176 1308 0 8192 0 515 16
55039 252 1379 0 8192 0 272 528
55039 469 1393 0 8192 0 16 528
55039 788 1415 0 8192 0 272 528
55039 964 1387 0 10240 0 16 528
55039 1237 1399 0 10240 0 16 528
55359 1216 1264 0 40960 0 0 10240
55359 960 1264 0 40960 0 0 10240
55359 712 1264 0 40960 0 0 10240
10 0
35646
59391 80 832 0 40960 0 10 0
59391 168 512 0 40960 0 10 0
11 0
35512
55167 632 172 3 8192 0 2 0
55167 21 152 3 8193 0 2 0
55167 209 200 3 8192 0 2 0
55167 514 104 3 8192 0 1 0
55167 286 472 3 10241 0 3 0
55167 280 344 3 8193 0 1 0
55167 178 440 3 8193 0 1 0
55167 680 452 3 10240 0 3 0
12 0
34267
13 0
35643
14 0
34270
15 0
35295
55103 128 194 0 11264 0 0 320
16 0
35314
59327 136 56 0 8192 0 112 0
61907 136 184 0 26880 0 2 0
17 0
34998
56383 128 72 3 8193 0 1 0
18 0
34226
62995 128 2176 0 10240 4 0 0
62995 192 2176 0 10240 4 0 0
18 1
35017
62291 304 216 0 8192 4 32768 160
62291 464 296 0 8192 4 32769 160
62291 304 472 0 8192 4 32768 160
62291 304 824 0 8192 4 32768 160
62291 464 984 0 8192 4 32769 160
62291 304 1208 0 8192 4 32768 160
62291 464 1448 0 8192 4 32769 160
62291 301 1688 0 8192 4 32768 160
62291 464 632 0 8192 4 32769 160
62291 464 1800 0 8192 4 32769 160
62291 304 1992 0 8192 4 32768 160
18 2
34273
55423 276 76 0 9216 0 20483 80
55423 272 88 0 9216 0 36866 80
55423 269 114 0 9216 0 44035 80
55423 491 150 0 9216 0 51204 80
55423 499 154 0 9216 0 49923 80
55423 277 294 0 9216 0 37379 80
55423 276 291 0 9216 0 24579 80
55423 273 296 0 9216 0 39938 80
55423 494 535 0 9216 0 61444 80
55423 278 1721 0 9216 0 48130 80
19 0
33831
63059 616 112 0 8192 4 32769 16
62291 717 63 0 8192 4 1 32
63059 505 112 0 8192 4 32768 16
63059 376 112 0 8192 4 32769 16
63059 104 128 0 8192 4 32769 32
19 1
35349
55423 107 56 0 9216 0 10242 80
55423 112 52 0 9216 0 30723 80
55423 90 45 0 9216 0 31746 80
55423 115 173 0 9216 0 37890 80
55423 122 183 0 9216 0 50179 80
55423 108 195 0 9216 0 31747 80
55423 127 178 0 9216 0 49667 80
55423 189 202 0 9216 0 49411 80
55423 713 166 0 9216 0 61442 80
55423 716 171 0 9216 0 60420 80
20 0
35681
55103 128 162 0 11264 0 0 320
20 1
35681
55103 128 162 0 11264 0 0 320
21 0
36563
62227 224 184 0 9216 0 0 0
62163 224 184 0 8192 0 0 0
62163 224 184 0 8192 0 2 0
62163 224 184 0 8192 0 4 0
21 1
34029
61183 219 179 0 8192 0 0 0
21 2
34029
61183 219 179 0 8192 0 0 0
22 0
36630
22 1
33636
53503 237 97 0 8192 0 0 0
53503 350 92 0 8192 0 0 0
53503 283 96 0 8192 0 0 0
53503 306 73 0 8192 0 0 0
53503 314 101 0 8192 0 0 0
53503 234 66 0 8192 0 0 0
53503 458 107 0 8192 0 0 0
53503 256 118 0 8192 0 0 0
53503 410 88 0 8192 0 0 0
53503 400 126 0 8192 0 0 0
53503 383 62 0 8192 0 0 0
53503 450 65 0 8192 0 0 0
22 2
33636
53503 237 97 0 8192 0 0 0
53503 350 92 0 8192 0 0 0
53503 283 96 0 8192 0 0 0
53503 306 73 0 8192 0 0 0
53503 314 101 0 8192 0 0 0
53503 234 66 0 8192 0 0 0
53503 458 107 0 8192 0 0 0
53503 256 118 0 8192 0 0 0
53503 410 88 0 8192 0 0 0
53503 400 126 0 8192 0 0 0
53503 383 62 0 8192 0 0 0
53503 450 65 0 8192 0 0 0
23 0
35719
53503 332 110 0 8192 0 0 0
53503 251 89 0 8192 0 0 0
53503 423 90 0 8192 0 0 0
53887 331 69 0 8192 0 0 0
24 0
33032
54847 790 348 0 10240 0 1 0
54847 531 480 0 10240 0 0 0
54847 258 610 0 10240 0 1 0
56575 888 304 3 10240 0 2 0
56575 1176 160 3 8193 0 2 0
56575 745 470 3 8193 0 2 0
56575 519 586 3 8192 0 2 0
56575 376 560 3 10240 0 2 0
56575 664 416 3 8193 0 2 0
25 0
34163
55103 128 162 0 11264 0 0 320
26 0
35786
59391 256 160 0 40960 0 10 0
59391 528 176 0 40960 0 10 0
56639 760 112 3 8192 0 2 0
56639 424 112 3 8193 0 2 0
27 0
34217
28 0
34048
63123 128 1232 0 8192 4 32768 24
63123 141 1312 0 8192 4 32769 24
63123 139 1392 0 8192 4 32768 24
63123 132 1472 0 8192 4 32769 24
63123 150 1552 0 8192 4 32768 24
59519 184 984 0 8192 0 0 0
59519 72 984 0 8192 0 0 0
29 0
34928
52927 600 1960 0 8192 0 259 32
52927 632 1960 0 8192 0 259 32
52927 664 1960 0 8192 0 259 32
52927 696 1960 0 8192 0 259 32
30 0
33179
60031 256 72 0 40960 0 0 0
60031 128 72 0 40960 0 0 0
60031 384 72 0 40960 0 0 0
60031 128 184 0 40960 0 0 0
60031 256 184 0 40960 0 0 0
60031 384 184 0 40960 0 0 0
30 1
33278
60031 256 72 0 40960 0 0 0
60031 128 72 0 40960 0 0 0
60031 384 72 0 40960 0 0 0
60031 128 184 0 40960 0 0 0
60031 256 184 0 40960 0 0 0
60031 384 184 0 40960 0 0 0
31 0
34223
31 1
34182
59071 50 120 0 11264 0 0 32768
59071 50 120 0 11264 0 0 0
32 0
39290
55103 128 706 0 11264 0 1 24
56447 218 715 1 10243 0 1 2
56447 112 920 3 8193 0 1 2
54335 108 1014 0 8192 0 24 1
56447 121 1768 3 8192 0 1 2
54335 67 1352 0 8192 0 24 1
56447 123 1528 1 8194 0 1 2
56447 39 972 0 8195 0 1 2
58815 607 2968 0 3072 0 0 0
58815 623 2968 0 3072 0 0 1
58815 639 2968 0 3072 0 0 2
33 0
39469
61843 192 184 0 26880 0 0 0
34 0
36732
55615 580 59 0 8192 0 1 0
56447 376 88 3 8193 0 1 2
56447 424 88 3 10241 0 1 2
56447 73 64 1 8192 0 0 2
35 0
39488
55615 442 424 0 8192 0 0 0
55615 512 424 0 8192 0 0 0
54527 408 296 1 43008 0 144 16
54527 552 296 1 43008 0 144 16
54527 648 296 1 43008 0 144 16
54847 171 75 0 8192 0 0 0
54847 264 107 0 10240 0 1 0
54847 529 101 0 8192 0 1 0
54847 321 86 0 10240 0 1 0
61843 144 440 0 26880 0 0 0
55615 322 133 0 8192 0 0 0
55615 451 132 0 8192 0 0 0
55615 387 61 0 8192 0 1 0
36 0
40760
37 0
36799
38 0
38626
54975 384 95 0 8192 0 2 528
54975 225 106 0 8192 0 3 528
54975 69 91 0 8192 0 2 528
54975 112 280 0 8192 0 0 776
54975 160 312 0 8192 0 0 1032
39 0
36802
40 0
40284
56447 224 184 0 10243 0 2 2
56447 264 184 0 8195 0 2 2
54911 1581 108 0 8192 0 0 0
54911 1624 76 0 8192 0 0 0
54911 1651 76 0 8192 0 0 0
53887 304 96 0 8192 0 0 0
53887 432 96 0 8192 0 0 0
53887 744 96 0 8192 0 0 0
58879 96 1704 0 3072 0 1 0
58879 96 1704 0 3328 0 32769 0
58879 96 1704 0 3328 0 32769 0
58879 96 1704 0 3328 0 32769 0
58879 96 1704 0 3328 0 32769 0
41 0
38206
53887 744 1144 0 8192 0 0 0
53887 808 1144 0 10240 0 0 0
53887 821 1449 0 8192 0 0 0
55615 569 252 0 8192 0 1 0
55615 760 237 0 8192 0 1 0
55615 592 1048 0 8192 0 0 0
55615 688 1048 0 8192 0 0 0
61843 704 152 0 26880 0 0 0
61843 688 552 0 26880 0 0 0
61843 800 1353 0 26880 0 0 0
42 0
36805
60095 217 104 0 10240 0 60 0
60159 217 104 0 11264 0 32 0
60095 725 98 0 10240 0 60 0
60159 725 98 0 11264 0 32 0
60095 983 104 0 10240 0 60 0
60159 983 104 0 11264 0 32 0
43 0
41213
57151 128 624 0 10240 4 0 0
43 1
41213
57151 128 624 0 10240 4 0 0
44 0
38429
54591 56 400 8 43008 65535 24580 0
54591 408 496 8 43008 65535 16388 0
55743 241 166 0 8192 0 0 0
55743 104 100 0 8192 0 32768 0
45 0
40121
55615 1024 672 0 8192 0 0 0
55615 1280 768 0 8192 0 0 0
55615 1671 950 0 8192 0 0 0
62035 368 288 0 24832 0 1 36
62035 560 480 0 24832 0 0 36
62035 896 544 0 24832 0 1 36
62035 1376 736 0 24832 0 1 36
62035 1280 832 0 24832 0 0 36
55615 1744 848 0 8192 0 1 0
55615 1816 848 0 8192 0 1 0
46 0
37670
55103 1408 706 0 11264 0 1 24
55743 152 678 0 8192 0 0 0
55743 380 678 0 8192 0 0 0
55743 263 620 0 8192 0 32768 0
60031 1352 576 0 40960 0 0 0
60031 1464 576 0 40960 0 0 0
60031 1160 696 0 40960 0 0 0
60031 1064 696 0 40960 0 0 0
46 1
37804
59071 1032 584 0 11264 0 0 32768
59071 1032 584 0 11264 0 1 0
55103 1408 706 0 11264 0 1 24
60031 1352 576 0 40960 0 64 1
60031 1464 576 0 40960 0 64 0
60031 1160 696 0 40960 0 64 0
60031 1064 696 0 40960 0 64 1
47 0
37261
56575 88 120 3 8193 0 2 0
56575 168 148 2 8193 0 2 0
60031 72 136 0 40960 0 0 0
60031 184 136 0 40960 0 0 0
60031 232 278 0 40960 0 0 0
60031 232 358 0 40960 0 0 0
60031 24 278 0 40960 0 0 0
47 1
39878
55423 46 192 0 9216 0 35331 80
55423 222 179 0 9216 0 51203 80
55423 219 183 0 9216 0 63490 80
55423 217 177 0 9216 0 60418 80
55423 215 193 0 9216 0 62467 80
55423 179 467 0 9216 0 50178 80
55423 185 475 0 9216 0 53251 80
55423 187 490 0 9216 0 56323 80
55423 174 476 0 9216 0 47874 80
55423 213 496 0 9216 0 771 128
60031 72 136 0 40960 0 0 0
60031 184 136 0 40960 0 0 1
60031 232 278 0 40960 0 0 0
60031 232 358 0 40960 0 0 0
60031 24 278 0 40960 0 0 0
48 0
37376
56575 168 712 3 10240 0 2 0
56575 216 712 3 8192 0 2 0
56191 222 587 0 8192 0 0 0
56191 254 571 0 8192 0 0 0
53887 496 576 0 8192 0 0 0
60031 56 552 0 40960 0 0 0
60031 56 680 0 40960 0 0 0
60031 744 696 0 40960 0 0 0
60031 616 136 0 40960 0 0 0
60031 648 136 0 40960 0 0 0
48 1
38511
59071 552 616 0 11264 0 0 32769
59071 552 616 0 11264 0 0 0
60031 56 552 0 40960 0 0 0
60031 56 680 0 40960 0 0 0
60031 744 696 0 40960 0 0 0
60031 616 136 0 40960 0 0 0
60031 648 136 0 40960 0 0 0
49 0
37539
53247 192 179 0 8192 0 256 769
53247 432 179 0 8192 0 256 769
53247 1392 179 0 8192 0 257 769
53247 976 179 0 8192 0 256 769
56447 584 118 2 10241 0 0 2
56447 680 118 2 10241 0 0 2
56447 768 118 2 10241 0 0 2
56447 872 118 2 10241 0 0 2
50 0
38709
59519 80 184 0 8192 0 0 0
59519 112 184 0 8192 0 0 0
59519 144 184 0 8192 0 0 0
59519 176 184 0 8192 0 0 0
51 0
38776
61907 592 472 0 26880 0 2 0
61907 752 472 0 26880 0 2 0
61907 1072 472 0 26880 0 2 0
59519 472 408 0 8192 0 0 0
59519 632 408 0 8192 0 0 0
59519 864 424 0 8192 0 0 0
59519 984 424 0 8192 0 0 0
59519 1112 424 0 8192 0 0 0
52 0
36904
53 0
36907
54 0
36910
61843 384 184 0 26880 0 0 0
61843 272 184 0 26880 0 0 0
61843 224 184 0 26880 0 0 0
56447 128 66 2 8193 0 255 2
56447 176 66 2 8193 0 255 2
55 0
37146
55039 320 174 0 10240 0 16 4097
53183 361 179 0 8192 0 2 1
53183 503 179 0 8192 0 2 1
53183 548 181 0 8192 0 2 1
55039 587 174 0 8192 0 16 4097
55231 1072 184 3 8193 0 0 0
55231 1520 88 2 8193 0 0 0
56 0
40626
57 0
38907
55743 181 437 0 8192 0 0 0
55615 248 416 0 8192 0 0 0
55615 106 449 0 8192 0 0 0
54591 344 480 8 43008 255 16387 0
54591 344 480 8 43008 255 32771 0
54591 344 480 8 43008 255 49155 0
54591 344 480 8 43008 255 61443 0
54591 328 480 0 43008 0 0 0
54591 360 480 0 43008 0 0 0
58 0
37060
59 0
38203
60 0
38149
57279 344 192 128 8192 0 512 41040
57279 240 192 128 8192 0 512 41040
57279 144 192 128 8192 0 512 41040
61 0
38200
62 0
38423
63 0
38369
64 0
37970
54399 152 520 0 8192 0 16 0
54399 96 232 0 8192 0 16 1
54399 152 320 0 8192 0 16 0
54399 104 416 0 8192 0 16 1
59519 207 1624 0 8192 0 0 0
54399 152 2376 0 8192 0 16 0
54399 95 2280 0 8192 0 16 1
54399 157 2184 0 8192 0 16 0
54399 104 2048 0 8192 0 16 1
62035 24 1328 0 24832 0 0 32
62035 200 1360 0 24832 0 1 32
65 0
39699
54975 1744 144 0 8192 0 0 774
54975 1808 112 0 8192 0 2 1304
54975 1672 96 0 8192 0 3 1048
54975 1248 168 0 8192 0 2 528
54975 1584 128 0 8192 0 3 544
54847 1861 80 0 10240 0 0 0
54847 1680 96 0 10240 0 0 0
54847 1536 96 0 10240 0 1 0
59327 408 200 0 8192 0 80 1
59327 600 192 0 8192 0 80 1
59327 936 192 0 8192 0 80 1
66 0
40763
54591 360 160 8 43008 65535 16388 0
54591 184 224 8 43008 65535 16388 0
67 0
40495
56447 160 152 3 8192 0 2 2
56447 295 136 3 8193 0 2 2
56447 368 152 3 8192 0 2 2
56447 447 152 3 8193 0 2 2
61907 416 216 0 26880 0 2 0
61907 256 216 0 26880 0 2 0
61907 480 216 0 26880 0 2 0
61907 128 216 0 26880 0 2 0
68 0
41047
55103 128 706 0 11264 0 1 24
55231 95 1928 3 8193 0 0 0
55231 23 1758 0 8194 0 0 0
55231 120 1679 1 8194 0 0 0
53247 113 1139 0 8192 0 257 768
53247 192 1283 0 8192 0 256 768
69 0
37063
59327 368 208 0 8192 0 54 1
59327 240 208 0 8192 0 54 1
55743 240 88 0 8192 0 32768 0
55743 368 88 0 8192 0 32768 0
55743 120 88 0 8192 0 32768 0
70 0
40801
52927 600 168 0 8192 0 3 32
52927 616 168 0 8192 0 3 32
52927 504 168 0 8192 0 3 32
52927 520 168 0 8192 0 3 32
71 0
41232
56191 328 60 0 8192 0 0 0
56191 368 60 0 8192 0 0 0
72 0
38372
59327 400 456 0 8192 0 48 1
59327 128 456 0 8192 0 48 1
53247 264 403 0 8192 0 256 512
73 0
38426
74 0
37919
56447 106 64 1 10240 0 2 2
56447 106 104 1 10240 0 2 2
56447 43 232 3 10240 0 2 2
75 0
39054
59519 45 152 0 8192 0 0 0
59519 71 152 0 8192 0 0 0
59519 139 168 0 8192 0 0 0
59519 96 152 0 8192 0 0 0
76 0
39159
60095 361 112 0 10240 0 0 0
60159 361 112 0 11264 0 32 0
60095 649 89 0 10240 0 0 0
60159 649 89 0 11264 0 32 0
60095 510 99 0 10240 0 0 0
60159 510 99 0 11264 0 32 0
60095 578 122 0 10240 0 0 0
60159 578 122 0 11264 0 32 0
77 0
41146
63123 217 160 0 8192 4 32768 80
63123 288 160 0 8192 4 32768 80
63123 500 160 0 8192 4 32768 80
57599 1328 160 0 10240 0 0 0
77 1
41146
63123 217 160 0 8192 4 32768 80
63123 288 160 0 8192 4 32768 80
63123 500 160 0 8192 4 32768 80
57599 1328 160 0 10240 0 0 0
78 0
40868
61843 144 456 0 26880 0 0 0
55423 310 413 0 9216 0 51203 48
55423 311 420 0 9216 0 47619 48
55423 317 427 0 9216 0 43010 48
55423 307 428 0 9216 0 46083 48
55423 315 414 0 9216 0 51714 48
55423 322 420 0 9216 0 51459 48
55423 325 423 0 9216 0 48642 48
55423 323 431 0 9216 0 49667 48
55423 311 432 0 9216 0 36867 48
55423 334 428 0 9216 0 51202 32
79 0
40629
58047 256 536 0 3328 4 0 0
58111 232 488 0 10240 4 0 1
58175 200 528 0 43008 0 0 0
58239 176 592 0 43008 0 0 1
58303 178 648 0 43008 0 0 2
58367 256 632 0 11264 4 0 3
58431 232 488 0 26624 0 0 0
58495 232 488 0 26624 0 0 0
79 1
40629
58047 256 536 0 3328 4 0 0
58111 232 488 0 10240 4 0 1
58175 200 528 0 43008 0 0 0
58239 176 592 0 43008 0 0 1
58303 178 648 0 43008 0 0 2
58367 256 632 0 11264 4 0 3
58431 232 488 0 26624 0 0 0
58495 232 488 0 26624 0 0 0
80 0
40798
81 0
38496
82 0
38499
83 0
36993
55103 128 432 0 11264 0 0 576
61439 120 184 0 8192 0 0 0
61439 142 85 0 8192 0 2 0
61439 132 136 0 8192 0 4 0
84 0
39140
55103 128 160 0 11264 0 0 320
85 0
38502
86 0
37801
87 0
38505
88 0
46171
55295 400 168 0 40960 0 0 4112
55295 256 168 0 40960 0 0 4112
55295 112 168 0 40960 0 0 4112
89 0
46404
54015 161 83 0 8192 0 0 0
54015 161 83 5 9216 0 32768 0
54015 478 321 0 8192 0 0 0
54015 478 321 5 9216 0 32768 0
54015 548 125 0 8192 0 0 0
54015 548 125 5 9216 0 32768 0
56511 320 229 3 8192 0 2 4
56511 110 278 3 8192 0 2 4
56511 216 184 0 8194 0 2 4
56511 668 244 3 8193 0 2 4
90 0
44935
56511 40 256 0 8192 0 3 4
56511 24 312 0 10240 0 3 4
56511 248 152 3 8193 0 3 4
56511 176 216 3 8192 0 3 4
55679 392 415 0 8192 0 0 0
55679 559 414 0 8192 0 0 0
91 0
47576
55103 128 706 0 11264 0 1 24
56511 123 856 3 8193 0 1 4
56511 144 1000 3 8192 0 1 4
56511 97 1080 3 8193 0 1 4
56511 160 1304 3 8192 0 1 4
56511 96 1352 0 8192 0 0 4
56511 129 1512 3 8192 0 1 4
92 0
41778
54527 1032 600 1 43008 0 240 13
54527 1544 600 1 43008 0 104 16
55679 260 943 0 8192 0 0 0
55679 405 863 0 8192 0 1 0
55679 546 946 0 8192 0 0 0
53567 313 884 0 8192 0 0 0
53567 406 935 0 8192 0 0 0
53567 508 881 0 8192 0 0 0
53567 596 889 0 8192 0 0 0
53567 641 926 0 8192 0 0 0
53567 176 866 0 8192 0 0 0
56511 1480 568 3 10240 0 3 4
93 0
46222
52927 120 217 0 8192 0 259 64
52927 168 217 0 8192 0 259 64
52927 216 217 0 8192 0 515 64
54335 344 168 0 10240 0 24 0
94 0
42556
95 0
46765
56511 344 440 3 10240 0 1 4
56511 408 440 3 10240 0 1 4
56511 376 440 3 10240 0 1 4
59135 176 452 0 40960 0 20480 20487
59135 32 256 0 40960 0 20496 20487
59135 176 324 0 40960 0 20480 20487
59135 32 656 0 40960 0 20496 20487
96 0
45558
56511 120 262 2 8193 0 1 4
56511 56 312 3 8192 0 1 4
56511 192 472 3 8192 0 1 4
56511 128 598 2 8192 0 1 4
56511 128 758 2 8192 0 1 4
56511 192 838 2 8193 0 1 4
97 0
43482
63187 2232 624 0 8192 4 32768 0
53695 1043 204 0 8192 0 240 3
63187 756 176 0 8192 4 32768 48
53695 1165 278 0 8192 0 48 3
63187 922 224 0 8192 4 32768 32
53695 1292 344 0 8192 0 104 3
53695 1455 456 0 8192 0 208 3
63187 2555 624 0 8192 4 32768 0
63187 1767 656 0 8192 4 32768 16
53247 3160 483 0 8192 0 256 0
53247 3240 483 0 8192 0 256 0
98 0
47886
56767 1152 120 48426 43008 4 0 0
56831 1152 120 48426 43008 4 0 0
98 1
47886
56767 1152 120 48426 43008 4 0 0
56831 1152 120 48426 43008 4 0 0
99 0
42559
100 0
44431
54463 896 488 0 8192 0 0 0
54463 896 488 2 9216 0 1 0
54015 918 127 0 8192 0 0 0
54015 918 127 5 9216 0 32768 0
54463 704 488 0 8192 0 0 0
54463 704 488 2 9216 0 1 0
54463 512 488 0 8192 0 0 0
54463 512 488 2 9216 0 1 0
54463 320 488 0 8192 0 0 0
54463 320 488 2 9216 0 1 0
54463 128 488 0 8192 0 0 0
54463 128 488 2 9216 0 1 0
101 0
46021
56511 375 181 2 10241 0 4 4
102 0
42939
61971 304 456 0 26624 0 0 12336
61971 304 456 0 26624 0 0 12288
61971 304 456 0 26624 0 0 12288
61971 304 456 0 26624 0 0 12288
61971 304 456 0 26624 0 0 12288
54271 256 80 16 10240 0 232 304
55359 344 328 0 43008 0 0 10240
103 0
42562
104 0
42553
105 0
41430
55999 119 840 3 8193 0 2 6
55999 96 936 3 8192 0 2 6
55999 147 1016 3 8193 0 2 6
55999 125 1144 3 8192 0 2 6
106 0
46289
54911 280 56 0 8192 0 0 0
54911 248 64 0 8192 0 0 0
61971 688 224 0 26624 0 0 12336
61971 688 224 0 26624 0 0 12288
61971 688 224 0 26624 0 0 12288
61971 688 224 0 26624 0 0 12288
61971 688 224 0 26624 0 0 12288
107 0
41267
61971 208 360 0 26624 0 0 12336
61971 208 360 0 26624 0 0 12288
61971 208 360 0 26624 0 0 12288
61971 208 360 0 26624 0 0 12288
61971 208 360 0 26624 0 0 12288
53183 461 332 0 8192 0 0 0
53183 442 276 0 8192 0 0 0
53183 520 418 0 8192 0 0 0
53183 572 423 0 8192 0 0 0
53183 624 417 0 8192 0 0 0
108 0
45341
53567 1475 595 0 8192 0 0 0
53567 1433 616 0 8192 0 0 0
53567 1521 626 0 8192 0 0 0
53567 1362 604 0 8192 0 0 0
53567 1403 637 0 8192 0 0 0
54271 209 155 16 8192 0 177 273
54271 408 104 288 10240 0 360 456
54271 552 152 32 10240 0 528 616
54271 864 88 272 10240 0 768 960
55359 176 664 0 40960 0 0 10240
55359 272 664 0 40960 0 0 10240
55359 368 664 0 40960 0 0 10240
55359 464 664 0 40960 0 0 10240
109 0
46714
59135 240 656 0 40960 0 8192 40967
59135 16 432 0 40960 0 8208 40967
59135 240 528 0 40960 0 8192 40967
110 0
46015
111 0
43364
112 0
46567
54463 344 248 0 8192 0 0 0
54463 344 248 2 9216 0 1 0
54463 216 248 0 8192 0 0 0
54463 216 248 2 9216 0 1 0
54463 152 248 0 8192 0 0 0
54463 152 248 2 9216 0 1 0
56511 120 69 2 8193 0 6 4
56511 248 80 2 8193 0 6 4
56511 391 58 2 8193 0 6 4
113 0
44721
54591 296 256 8 43008 65535 16387 0
54591 296 256 8 43008 65535 32771 0
54015 388 96 0 8192 0 0 0
54015 388 96 5 9216 0 32768 0
114 0
46040
54335 376 880 0 10240 0 32 0
56511 280 896 1 8194 0 2 4
56511 337 730 3 8192 0 2 4
56511 72 809 3 8192 0 2 4
54847 185 440 0 10240 0 0 0
54847 448 544 0 8192 0 1 0
54847 147 222 0 10240 0 0 0
53247 268 149 0 8192 0 256 0
115 0
47247
54015 904 296 0 8192 0 0 0
54015 904 296 5 9216 0 32768 0
54015 1160 296 0 8192 0 0 0
54015 1160 296 5 9216 0 32768 0
54015 1580 392 0 8192 0 0 0
54015 1580 392 5 9216 0 32768 0
54911 288 100 0 8192 0 0 0
54911 240 86 0 8192 0 0 0
116 0
46950
117 0
47132
53695 60 854 0 10240 0 208 2
53695 153 483 0 8192 0 88 2
53695 207 210 0 10240 0 136 2
59839 128 824 0 10240 0 0 0
59839 128 568 0 10240 0 0 0
59839 216 312 0 10240 0 0 0
59839 136 312 0 10240 0 0 0
118 0
43233
59135 48 208 0 40960 0 20496 61447
59135 448 216 0 40960 0 20480 61447
54783 136 168 264 43008 1028 16385 32
54783 208 232 8 43008 2056 12289 48
54783 272 168 264 43008 514 24577 48
54783 376 168 264 43008 771 20481 48
59391 752 464 0 40960 0 10 0
54271 744 240 16 8192 0 664 824
119 0
42222
120 0
46899
55295 640 168 0 43008 0 1 24
55295 384 168 0 43008 0 0 1816
54591 512 8 272 43008 771 16386 48
121 0
47924
59135 464 640 0 40960 0 32768 32773
59135 736 528 0 40960 0 32768 7
59135 544 456 0 40960 0 32784 7
59135 736 376 0 40960 0 32768 7
59135 544 296 0 40960 0 32784 7
59135 736 216 0 40960 0 32768 7
53759 248 712 0 9472 0 0 0
53759 128 712 0 9472 0 0 0
53759 136 712 0 9472 0 0 0
53759 264 712 0 9472 0 0 0
122 0
47509
55999 392 168 3 8192 0 2 6
55999 352 456 3 8192 0 2 6
55999 416 520 3 8193 0 2 6
55999 384 600 3 8192 0 2 6
123 0
44115
59455 248 184 0 10240 0 0 14944
59455 248 184 0 11264 0 1 0
59455 248 184 0 11264 0 2 0
59455 488 184 0 10240 0 0 14944
59455 488 184 0 11264 0 1 0
59455 488 184 0 11264 0 2 0
59455 584 184 0 10240 0 0 14944
59455 584 184 0 11264 0 1 0
59455 584 184 0 11264 0 2 0
53695 120 88 0 8192 0 96 2
53695 572 93 0 8192 0 48 2
124 0
44712
125 0
44297
59199 496 264 0 40960 0 4097 32773
59199 288 464 0 40960 0 4113 32773
59199 288 584 0 40960 0 4113 32773
59199 639 568 0 40960 0 4097 32773
59199 912 280 0 40960 0 4097 32773
59199 832 408 0 40960 0 4097 32773
126 0
42308
55103 128 160 0 11264 0 0 320
127 0
48087
59135 496 400 0 40960 0 8192 8199
61971 304 448 0 26624 0 0 16464
61971 304 448 0 26624 0 0 16384
61971 304 448 0 26624 0 0 16384
61971 304 448 0 26624 0 0 16384
61971 304 448 0 26624 0 0 16384
128 0
42664
53951 232 240 0 8192 0 0 0
53951 232 240 2 9216 0 32768 0
56511 488 152 3 8192 0 1 4
56511 1000 168 3 8192 0 2 4
56511 376 160 3 8193 0 2 4
56511 712 171 1 8194 0 1 4
56511 648 168 0 8195 0 1 4
54463 568 240 0 8192 0 0 0
54463 568 240 2 9216 0 1 0
54463 824 240 0 8192 0 0 0
54463 824 240 2 9216 0 1 0
54463 1128 240 0 8192 0 0 0
54463 1128 240 2 9216 0 1 0
54463 952 240 0 8192 0 0 0
54463 952 240 2 9216 0 1 0
53951 360 240 0 8192 0 0 0
53951 360 240 2 9216 0 32768 0
129 0
45868
61971 272 232 0 26624 0 0 12336
61971 272 232 0 26624 0 0 12288
61971 272 232 0 26624 0 0 12288
61971 272 232 0 26624 0 0 12288
61971 272 232 0 26624 0 0 12288
54463 512 240 0 8192 0 0 0
54463 512 240 2 9216 0 1 0
54463 752 240 0 8192 0 0 0
54463 752 240 2 9216 0 1 0
130 0
41973
59327 392 216 0 8192 0 128 1
59327 537 215 0 8192 0 128 1
59327 760 216 0 8192 0 128 1
131 0
42330
132 0
41695
61971 128 184 0 26624 0 0 12336
61971 128 184 0 26624 0 0 12288
61971 128 184 0 26624 0 0 12288
61971 128 184 0 26624 0 0 12288
61971 128 184 0 26624 0 0 12288
133 0
47378
61971 96 176 0 26624 0 0 8224
61971 96 176 0 26624 0 0 8192
61971 96 176 0 26624 0 0 8192
61971 96 176 0 26624 0 0 8192
61971 96 176 0 26624 0 0 8192
56191 200 328 0 8192 0 0 0
56191 168 320 0 8192 0 0 0
56191 128 312 0 8192 0 0 0
134 0
42333
135 0
46018
136 0
42565
59519 696 152 0 8192 0 0 0
59519 744 152 0 8192 0 0 0
59519 784 152 0 8192 0 0 0
59519 912 152 0 8192 0 0 0
59519 1024 152 0 8192 0 0 0
59519 1120 152 0 8192 0 0 0
137 0
43367
63187 80 512 0 8192 4 32769 8
63187 176 384 0 8192 4 32768 8
63187 80 256 0 8192 4 32769 8
56639 128 616 3 8192 0 2 0
56639 128 472 3 8193 0 2 0
56639 128 344 3 8192 0 2 0
56639 128 216 3 8193 0 2 0
138 0
45552
139 0
45555
140 0
47921
141 0
41532
61695 44 154 0 8192 0 0 2
59455 472 728 0 10240 0 0 8432
59455 472 728 0 11264 0 1 0
59455 472 728 0 11264 0 2 0
54079 512 616 0 8192 0 0 0
54079 512 616 6 9216 0 32768 0
54079 432 592 0 8192 0 0 0
54079 432 592 6 9216 0 32768 0
54079 596 589 0 8192 0 0 0
54079 596 589 6 9216 0 32768 0
142 0
45034
55103 1152 674 0 11264 0 1 24
54463 720 760 0 8192 0 0 0
54463 720 760 2 9216 0 1 0
54463 816 760 0 8192 0 0 0
54463 816 760 2 9216 0 1 0
57471 407 696 0 9472 0 80 0
57471 407 696 0 8448 0 0 1
57471 279 680 0 9472 0 96 0
57471 279 680 0 8448 0 0 1
57471 151 648 0 9472 0 96 0
57471 151 648 0 8448 0 0 1
57471 535 696 0 9472 0 80 0
57471 535 696 0 8448 0 0 1
54463 568 760 0 8192 0 0 0
54463 568 760 2 9216 0 1 0
54463 312 760 0 8192 0 0 0
54463 312 760 2 9216 0 1 0
54463 440 760 0 8192 0 0 0
54463 440 760 2 9216 0 1 0
143 0
46880
61311 128 384 0 8192 0 0 0
143 1
46880
61311 128 384 0 8192 0 0 0
144 0
42123
54335 472 120 0 10240 0 64 0
54335 472 88 0 10240 0 64 0
54335 616 104 0 10240 0 64 0
54335 616 136 0 10240 0 64 0
54335 616 72 0 10240 0 64 0
54335 344 152 0 10240 0 64 0
145 0
42531
146 0
42534
57727 48 65520 0 10240 0 0 0
146 1
42534
57727 48 65520 0 10240 0 0 0
147 0
46953
55999 552 136 3 8193 0 2 6
55999 568 216 2 8193 0 2 6
55999 360 136 3 8192 0 2 6
55999 360 216 2 8192 0 2 6
55999 216 152 3 8193 0 2 6
61907 664 240 0 26880 0 2 0
61907 600 240 0 26880 0 2 0
61907 520 240 0 26880 0 2 0
61907 456 240 0 26880 0 2 0
61907 328 240 0 26880 0 2 0
61907 248 240 0 26880 0 2 0
148 0
42225
62483 209 312 0 8192 4 1 160
62483 45 184 0 8192 4 0 160
63251 176 384 0 8192 4 32768 160
55999 120 567 2 8192 0 1 6
55999 136 567 2 8193 0 1 6
149 0
44294
150 0
42336
55871 960 907 0 8192 0 0 0
55871 855 906 0 8192 0 0 0
55871 433 907 0 8192 0 0 0
55871 261 896 0 8192 0 32768 0
55871 618 897 0 8192 0 32768 0
53695 149 887 0 8192 0 14 6
53695 353 912 0 8192 0 168 6
53695 918 790 0 8192 0 0 7
53695 841 763 0 8192 0 80 7
53695 883 681 0 8192 0 200 6
53695 856 568 0 8192 0 240 6
53695 971 532 0 8192 0 72 5
151 0
44396
57535 400 208 0 8192 0 16400 8193
57535 720 208 0 8192 0 16400 8193
152 0
43661
54079 600 88 0 8192 0 0 0
54079 600 88 6 9216 0 32768 0
54079 648 88 0 8192 0 0 0
54079 648 88 6 9216 0 32768 0
54079 280 88 0 8192 0 0 0
54079 280 88 6 9216 0 32768 0
54079 456 88 0 8192 0 0 0
54079 456 88 6 9216 0 32768 0
54079 104 88 0 8192 0 0 0
54079 104 88 6 9216 0 32768 0
54079 152 88 0 8192 0 0 0
54079 152 88 6 9216 0 32768 0
61907 192 184 0 26880 0 2 0
61907 384 184 0 26880 0 2 0
61907 576 184 0 26880 0 2 0
153 0
43054
59199 218 1399 0 40960 0 4097 16391
62483 208 1272 0 8192 4 1 160
62483 48 1168 0 8192 4 0 160
62483 208 1088 0 8192 4 1 160
59199 39 800 0 40960 0 4113 16391
63251 48 688 0 8192 4 0 1
59199 218 904 0 40960 0 4097 16391
63251 208 736 0 8192 4 0 0
59199 218 576 0 40960 0 4097 16391
59199 39 480 0 40960 0 4113 16391
63251 128 368 0 8192 4 0 16
154 0
44788
63251 448 208 0 8192 4 32768 16
63251 704 176 0 8192 4 32768 8
63251 696 560 0 8192 4 32768 8
63251 344 288 0 8192 4 32769 8
63251 464 1088 0 8192 4 32768 16
63251 197 1104 0 8192 4 32768 160
63251 893 925 0 8192 4 32768 16
63251 960 784 0 8192 4 32768 16
63251 568 416 0 8192 4 32768 8
155 0
44626
59839 256 512 0 10240 0 0 0
59839 337 512 0 10240 0 0 0
59839 96 512 0 10240 0 0 0
59839 408 216 0 10240 0 0 0
59839 1019 1225 0 10240 0 0 0
156 0
44709
157 0
42024
60351 185 470 0 10240 0 80 0
60415 185 470 0 11264 0 32 0
60351 77 570 0 10240 0 80 0
60415 77 570 0 11264 0 32 0
60351 135 754 0 10240 0 80 0
60415 135 754 0 11264 0 32 0
158 0
45657
57471 1472 224 0 9472 0 8 0
57471 1472 224 0 8448 0 0 1
55871 648 90 0 8192 0 32768 0
55871 552 168 0 8192 0 0 0
55871 752 168 0 8192 0 0 0
55871 312 88 0 8192 0 32768 0
57471 1344 224 0 9472 0 0 0
57471 1344 224 0 8448 0 0 1
54591 1320 224 8 43008 255 8195 0
57343 384 604 0 40960 0 64 20592
57407 384 612 0 256 0 0 0
57343 384 348 0 40960 0 64 32880
57407 384 356 0 256 0 0 0
159 0
41497
62867 232 176 0 10240 4 1 192
62867 536 176 0 10240 4 0 192
160 0
47691
57471 663 640 0 9472 0 48 0
57471 663 640 0 8448 0 0 1
57471 823 640 0 9472 0 48 0
57471 823 640 0 8448 0 0 1
60351 341 498 0 10240 0 900 0
60415 341 498 0 11264 0 32 0
60351 357 372 0 10240 0 900 0
60415 357 372 0 11264 0 32 0
60351 330 264 0 10240 0 900 0
60415 330 264 0 11264 0 32 0
54591 744 602 264 43008 65280 16387 0
54591 904 570 264 43008 65280 16387 0
161 0
44715
162 0
44718
163 0
43904
59135 496 720 0 40960 0 256 3847
59135 272 488 0 40960 0 272 3847
59135 496 432 0 40960 0 256 3847
59135 464 216 0 40960 0 256 3847
59135 496 896 0 40960 0 256 3847
57279 336 304 80 8192 0 0 128
57279 440 464 80 10240 0 256 128
57279 296 608 80 10240 0 0 128
54975 342 1368 0 8192 0 2 1312
54975 456 1336 0 8192 0 3 1304
54975 568 1368 0 8192 0 2 1312
54975 680 1336 0 8192 0 3 1304
54975 368 1142 0 8192 0 2 1824
164 0
42327
165 0
49582
61695 1224 394 0 8192 0 0 0
59647 752 624 0 10240 0 0 0
59647 880 624 0 10240 0 0 0
165 1
48787
61695 1224 394 0 8192 0 0 0
55423 1227 393 0 9216 0 49667 128
55423 1228 380 0 9216 0 56324 128
55423 1221 388 0 9216 0 56835 128
55423 1233 401 0 9216 0 50178 128
55423 1228 413 0 9216 0 55299 128
55423 38 466 0 9216 0 34818 128
55423 157 490 0 9216 0 35843 128
55423 206 466 0 9216 0 38914 128
55423 211 463 0 9216 0 36868 128
55423 37 432 0 9216 0 34818 128
55423 45 441 0 9216 0 38914 128
55423 48 447 0 9216 0 37378 128
55423 482 474 0 9216 0 47106 128
55423 477 483 0 9216 0 34819 128
55423 504 483 0 9216 0 57347 128
55423 629 481 0 9216 0 53251 128
55423 861 466 0 9216 0 51202 128
55423 818 487 0 9216 0 53250 128
55423 863 473 0 9216 0 51204 128
55423 804 482 0 9216 0 50178 128
166 0
49576
166 1
50150
55423 116 64 0 9216 0 6146 80
55423 124 189 0 9216 0 57346 80
55423 150 197 0 9216 0 47107 80
55423 115 74 0 9216 0 30724 128
55423 186 66 0 9216 0 12291 160
55423 180 200 0 9216 0 38915 160
55423 65 73 0 9216 0 30722 160
55423 130 188 0 9216 0 55299 80
55423 68 75 0 9216 0 22531 80
55423 599 65 0 9216 0 6146 80
55423 283 188 0 9216 0 59394 80
55423 274 196 0 9216 0 63490 80
55423 301 542 0 9216 0 31747 128
55423 293 550 0 9216 0 37891 128
55423 323 575 0 9216 0 33794 128
55423 319 703 0 9216 0 41218 64
55423 325 698 0 9216 0 37123 64
55423 317 707 0 9216 0 35842 64
55423 269 731 0 9216 0 44035 128
55423 429 1256 0 9216 0 59396 32
55423 609 66 0 9216 0 20482 80
55423 659 55 0 9216 0 18434 80
55423 634 181 0 9216 0 52226 80
55423 651 190 0 9216 0 56578 80
55423 609 203 0 9216 0 34818 80
55423 1001 179 0 9216 0 55298 80
55423 985 192 0 9216 0 55298 80
55423 1003 196 0 9216 0 55298 80
55423 990 81 0 9216 0 32002 80
55423 1007 76 0 9216 0 15362 80
55423 875 75 0 9216 0 28674 80
55423 791 176 0 9216 0 63490 80
167 0
49126
60223 1049 200 0 10240 0 65535 0
60287 1049 200 0 11264 0 32 0
60223 511 142 0 10240 0 0 0
60287 511 142 0 11264 0 32 0
60223 1493 118 0 10240 0 0 0
60287 1493 118 0 11264 0 32 0
59903 1423 90 0 8192 0 1 8
59903 850 97 0 8192 0 1 8
59903 556 96 0 8192 0 1 8
59903 147 124 0 8192 0 0 8
60223 1256 200 0 10240 0 65535 0
60287 1256 200 0 11264 0 32 0
59967 224 88 0 8192 0 2 144
59967 304 184 0 8192 0 1 80
59967 656 184 0 8192 0 1 32
59967 752 104 0 8192 0 2 128
59967 880 216 0 8192 0 1 48
59967 1072 136 0 8192 0 2 128
59967 1232 136 0 8192 0 2 112
59967 1488 184 0 8192 0 1 16
59967 1584 120 0 8192 0 2 96
167 1
50930
59263 727 152 0 26624 0 0 0
55423 1705 186 0 9216 0 43522 80
55423 1711 189 0 9216 0 54275 1360
55423 1709 197 0 9216 0 53250 80
55423 1721 178 0 9216 0 61442 128
55423 40 185 0 9216 0 29699 160
55423 37 190 0 9216 0 34819 1440
55423 27 198 0 9216 0 40962 160
55423 51 82 0 9216 0 30723 80
55423 40 67 0 9216 0 20482 1360
55423 1038 230 0 9216 0 33283 80
55423 286 234 0 9216 0 33794 80
55423 276 230 0 9216 0 33283 80
55423 26 73 0 9216 0 38915 1408
55423 1073 233 0 9216 0 47106 128
55423 1085 237 0 9216 0 47620 1408
55423 1475 227 0 9216 0 50177 1344
55423 1490 215 0 9216 0 47106 64
55423 423 148 0 9216 0 16387 1344
55423 1749 197 0 9216 0 57346 128
59903 224 78 0 8192 0 0 0
59903 752 94 0 8192 0 0 0
59903 1584 110 0 8192 0 0 0
59903 1488 190 0 8192 0 0 0
59903 656 190 0 8192 0 0 0
59903 304 190 0 8192 0 0 0
59903 880 222 0 8192 0 0 0
59903 1232 126 0 8192 0 0 0
59903 1072 126 0 8192 0 0 0
168 0
50665
59967 464 93 0 8192 0 2 152
59967 624 91 0 8192 0 1 64
59967 144 88 0 8192 0 2 160
59967 240 88 0 8192 0 1 48
59967 301 88 0 8192 0 1 16
59967 400 88 0 8192 0 2 128
59967 560 88 0 8192 0 1 40
59967 728 72 0 8192 0 1 32
59647 592 128 0 10240 0 0 0
59647 272 128 0 10240 0 0 0
59647 432 128 0 10240 0 0 0
168 1
49633
169 0
52503
59967 1176 680 0 8192 0 1 48
59967 1136 857 0 8192 0 1 40
59967 1056 1164 0 8192 0 1 32
59967 1224 1288 0 8192 0 1 32
59967 1160 1468 0 8192 0 1 24
59967 1129 1818 0 8192 0 0 0
59967 1048 1928 0 8192 0 2 48
59903 1144 594 0 8192 0 0 8
59903 1237 683 0 8192 0 1 8
59903 1216 1287 0 8192 0 2 8
59903 1062 1465 0 8192 0 2 8
57343 608 1368 0 40960 0 32 20528
57407 608 1376 0 256 0 0 0
57343 448 1368 0 40960 0 32 20528
57407 448 1376 0 256 0 0 0
57343 288 1368 0 40960 0 32 20528
57407 288 1376 0 256 0 0 0
57343 128 1368 0 40960 0 32 20528
57407 128 1376 0 256 0 0 0
59967 1232 1992 0 8192 0 1 48
59967 1072 1992 0 8192 0 1 32
169 1
48288
59263 56 984 0 26624 0 0 0
55423 1090 842 0 9216 0 28674 80
55423 1101 849 0 9216 0 31746 80
55423 1224 972 0 9216 0 52227 80
55423 1221 979 0 9216 0 55300 128
55423 1230 985 0 9216 0 53251 160
55423 1227 1227 0 9216 0 8195 160
55423 1228 1238 0 9216 0 65282 160
55423 1220 1233 0 9216 0 2563 80
55423 1246 1214 0 9216 0 53251 80
55423 935 1313 0 9216 0 31234 80
55423 953 1324 0 9216 0 32258 80
55423 1220 637 0 9216 0 64514 80
55423 1226 650 0 9216 0 2051 128
55423 1243 632 0 9216 0 57347 128
55423 1061 528 0 9216 0 33794 128
55423 1060 518 0 9216 0 30722 64
55423 325 698 0 9216 0 37123 64
55423 317 707 0 9216 0 35842 64
55423 269 731 0 9216 0 44035 128
55423 429 1256 0 9216 0 59396 32
57343 608 1368 0 40960 0 0 0
57407 608 1376 0 256 0 0 0
57343 448 1368 0 40960 0 0 0
57407 448 1376 0 256 0 0 0
57343 288 1368 0 40960 0 0 0
57407 288 1376 0 256 0 0 0
57343 128 1368 0 40960 0 0 0
57407 128 1376 0 256 0 0 0
59903 1072 2000 0 8192 0 0 0
59903 1232 2000 0 8192 0 0 0
170 0
52142
57343 80 96 0 43008 0 64 26640
57407 80 104 0 256 0 0 0
57343 160 96 0 40960 0 64 26636
57407 160 104 0 256 0 0 0
57343 256 96 0 43008 0 64 26641
57407 256 104 0 256 0 0 0
57343 352 96 0 40960 0 64 26634
57407 352 104 0 256 0 0 0
57343 432 96 0 43008 0 64 26644
57407 432 104 0 256 0 0 0
170 1
49570
171 0
52027
59967 104 600 0 8192 0 2 128
59967 42 551 0 8192 0 1 128
59967 200 477 0 8192 0 1 16
59967 134 394 0 8192 0 2 144
59967 79 51 0 8192 0 2 144
59967 53 218 0 8192 0 1 16
59967 92 152 0 8192 0 2 160
171 1
49579
172 0
48205
55039 173 374 0 8192 0 16 528
55039 576 300 0 8192 0 272 528
55359 280 168 0 43008 0 0 8192
55359 384 168 0 43008 0 0 8192
55359 496 168 0 43008 0 0 8192
172 1
49639
173 0
49465
59647 77 176 0 10240 0 0 0
59647 880 176 0 10240 0 0 0
59903 152 77 0 8192 0 0 8
59903 638 168 0 8192 0 2 8
59903 852 73 0 8192 0 2 8
59967 1145 106 0 8192 0 1 32
173 1
49795
55423 875 187 0 9216 0 49667 128
55423 880 184 0 9216 0 56324 128
55423 880 188 0 9216 0 56835 128
55423 872 195 0 9216 0 50178 128
55423 882 201 0 9216 0 55299 128
55423 78 170 0 9216 0 34818 128
55423 81 173 0 9216 0 35843 128
55423 72 200 0 9216 0 28674 128
55423 82 194 0 9216 0 36868 128
55423 41 170 0 9216 0 34818 128
55423 45 185 0 9216 0 38914 128
55423 48 191 0 9216 0 37378 128
55423 482 218 0 9216 0 47106 128
55423 477 227 0 9216 0 34819 128
55423 504 227 0 9216 0 57347 128
55423 1011 175 0 9216 0 53251 128
55423 1007 179 0 9216 0 51202 128
55423 1002 203 0 9216 0 53250 128
55423 972 222 0 9216 0 51204 128
55423 974 222 0 9216 0 50178 128
59711 77 192 0 43008 0 1 0
59711 880 192 0 43008 0 0 0
174 0
49564
174 1
49645
59263 136 136 0 26624 0 0 0
55423 88 184 0 9216 0 47106 80
55423 80 168 0 9216 0 50178 80
55423 77 207 0 9216 0 64003 80
55423 205 184 0 9216 0 45060 128
55423 200 176 0 9216 0 47107 160
55423 208 184 0 9216 0 53251 160
55423 139 39 0 9216 0 30722 160
55423 141 8 0 9216 0 35330 80
175 0
49636
175 1
52436
58559 128 96 0 10240 4 0 0
58623 128 96 0 11264 4 0 1
58687 128 96 0 11264 4 0 2
58751 128 96 0 11264 4 0 3
176 0
48186
59775 240 136 0 10240 0 3 3
176 1
49573
177 0
50847
59967 154 58 0 8192 0 1 48
59967 52 59 0 8192 0 1 32
59967 151 184 0 8192 0 1 40
59967 103 200 0 8192 0 1 48
59967 178 200 0 8192 0 1 24
177 1
49567
178 0
52305
59647 376 128 0 10240 0 0 0
59647 704 128 0 10240 0 0 0
59775 224 120 0 10240 0 3 3
59775 528 117 0 10240 0 3 3
59967 160 80 0 8192 0 1 128
59967 288 80 0 8192 0 1 16
59967 464 80 0 8192 0 1 160
59967 592 80 0 8192 0 1 128
178 1
51397
59263 136 136 0 26624 0 0 0
55423 847 154 0 9216 0 49667 128
55423 255 233 0 9216 0 64516 128
55423 852 166 0 9216 0 56834 128
55423 852 164 0 9216 0 50178 128
55423 839 166 0 9216 0 55298 128
55423 373 209 0 9216 0 34818 128
55423 81 173 0 9216 0 35843 128
55423 72 200 0 9216 0 28674 128
55423 734 153 0 9216 0 12291 128
55423 715 143 0 9216 0 47106 128
55423 45 185 0 9216 0 38915 128
55423 48 191 0 9216 0 37378 128
55423 713 138 0 9216 0 47106 128
55423 739 115 0 9216 0 43012 128
55423 743 170 0 9216 0 57346 128
55423 1011 175 0 9216 0 53252 128
55423 1007 179 0 9216 0 51202 128
55423 1002 203 0 9216 0 53250 128
55423 388 216 0 9216 0 51202 128
55423 240 229 0 9216 0 33282 128
59711 376 144 0 43008 0 0 0
59711 708 144 0 43008 0 2 0
59903 160 80 0 8192 0 0 0
59903 288 80 0 8192 0 1 0
59903 464 80 0 8192 0 2 0
59903 592 80 0 8192 0 3 0
179 0
49792
179 1
49642
180 0
50844
180 1
51832
59263 136 136 0 26624 0 0 0
55423 131 186 0 9216 0 45058 48
55423 123 181 0 9216 0 51714 48
55423 142 192 0 9216 0 64002 48
55423 116 196 0 9216 0 33538 48
55423 185 46 0 9216 0 31490 80
55423 193 53 0 9216 0 57346 80
55423 186 54 0 9216 0 63490 80
55423 203 64 0 9216 0 6146 80
55423 197 70 0 9216 0 64770 80
55423 51 171 0 9216 0 34818 304
55423 56 172 0 9216 0 36866 48
181 0
54566
182 0
54569
61631 128 256 0 8704 0 0 0
182 1
54569
61631 128 256 0 8704 0 0 0
183 0
54588
184 0
54591
52927 136 192 0 8192 0 260 8
52927 488 208 0 8192 0 4 8
52927 536 208 0 8192 0 260 32
52927 632 208 0 8192 0 772 8
52927 728 208 0 8192 0 774 8
52927 776 208 0 8192 0 772 8
52927 872 208 0 8192 0 4 8
61907 184 200 0 26880 0 2 0
61907 680 200 0 26880 0 2 0
61907 584 200 0 26880 0 2 0
185 0
56941
55039 256 416 0 8192 0 16 528
55039 240 984 0 10240 0 16 528
55039 288 1264 0 8192 0 16 528
55039 208 1440 0 8192 0 16 528
55039 256 1828 0 8192 0 16 528
55167 144 280 3 8193 0 2 0
55167 240 664 3 8192 0 3 0
55167 248 1159 2 8193 0 1 0
55167 264 1624 3 8193 0 1 0
55167 360 599 2 8192 0 1 0
55167 352 71 2 8192 0 2 0
55167 151 1952 0 10240 0 1 0
186 0
57471
55039 112 152 0 10240 0 272 528
55039 184 680 0 8192 0 16 528
55039 400 240 0 10240 0 16 528
63315 424 672 0 8192 4 32768 24
63315 400 320 0 8192 4 32769 8
63315 672 208 0 8192 4 32768 8
63315 888 432 0 8192 4 32769 40
55039 872 184 0 8192 0 16 528
187 0
54754
53055 472 973 0 43008 0 0 0
53119 432 973 0 43008 0 65535 0
53119 472 973 0 43008 0 65535 0
53119 488 973 0 43008 0 1 0
53119 536 973 0 43008 0 1 0
188 0
54837
55167 128 71 2 8193 0 1 0
55167 304 135 2 8192 0 2 0
55167 448 200 3 10240 0 3 0
55167 512 71 2 10240 0 1 0
55167 688 200 3 8192 0 2 0
55167 880 71 2 8192 0 1 0
189 0
52842
59583 512 384 0 11264 0 1 112
59583 512 384 0 10240 0 0 0
59583 776 512 0 11264 0 1 288
59583 776 512 0 10240 0 0 0
59583 1024 560 0 11264 0 1 48
59583 1024 560 0 10240 0 0 0
55167 752 903 2 8192 0 1 0
55167 552 15200 2 8192 0 4 0
55167 360 576 0 8192 0 2 0
55167 960 952 3 8193 0 2 0
55167 616 672 0 8192 0 4 0
55167 1177 856 1 8192 0 2 0
190 0
54186
55039 704 432 0 8192 0 8 4097
61907 136 204 0 26880 0 2 0
61907 136 212 0 26880 0 2 0
61907 136 220 0 26880 0 2 0
191 0
53136
54207 120 480 0 8192 0 5 8
61843 272 204 0 26880 0 0 0
61843 400 204 0 26880 0 0 0
192 0
54936
53311 64 456 0 8192 0 257 4
53311 184 456 0 8192 0 256 264
53311 368 456 0 8192 0 256 776
53311 408 456 0 8192 0 769 260
53311 656 440 0 8192 0 257 8
53311 776 456 0 8192 0 1280 260
53311 888 456 0 8192 0 1281 264
53631 32 272 0 8192 0 0 0
53631 24 320 0 8192 0 0 0
53631 16 368 0 8192 0 0 0
53631 752 352 0 8192 0 0 0
53631 864 320 0 8192 0 0 0
193 0
53187
55167 368 871 2 10241 0 3 0
55167 48 952 3 8192 0 1 0
55167 224 871 2 8192 0 1 0
55167 128 184 3 10240 0 4 0
194 0
55131
53311 384 696 0 8192 0 257 520
54207 240 420 0 8192 0 515 2
54207 528 380 0 8192 0 4 4
54207 680 316 0 8192 0 258 16
54207 784 220 0 8192 0 2 8
54207 872 156 0 8192 0 2 4
55039 112 600 0 10240 0 16 528
55039 448 640 0 10240 0 272 528
54207 952 480 0 8192 0 5 8
195 0
56855
55167 96 55 2 10240 0 1 0
55167 118 232 0 10241 0 4 0
55167 118 256 0 10241 0 2 0
55167 128 440 3 10240 0 2 0
196 0
55278
55167 136 103 2 8192 0 4 0
197 0
55297
53183 87 156 0 8192 0 3840 0
53183 98 156 0 8192 0 3840 0
53183 105 156 0 8192 0 3840 0
53183 91 152 0 8192 0 3584 0
53183 101 152 0 8192 0 3584 0
53183 97 148 0 8192 0 3328 0
198 0
54253
63315 256 128 0 8192 4 32769 32
63315 128 464 0 8192 4 32768 48
63315 432 464 0 8192 4 32769 48
62547 48 384 0 8192 4 0 416
62547 464 304 0 8192 4 1 416
63315 120 640 0 8192 4 32769 128
199 0
55396
53183 280 140 0 8192 0 32 22
53183 324 172 0 8192 0 32 22
53183 708 140 0 8192 0 64 22
53183 1528 108 0 8192 0 48 22
53183 1040 108 0 8192 0 32 22
53183 1136 140 0 8192 0 64 22
53183 1088 92 0 8192 0 16 22
54207 216 140 0 8192 0 513 0
54207 432 172 0 8192 0 514 0
54207 792 108 0 8192 0 513 0
54207 1304 172 0 8192 0 514 0
54207 1448 140 0 8192 0 258 0
54207 632 172 0 8192 0 3 0
54207 936 172 0 8192 0 3 0
54207 1628 172 0 8192 0 514 0
200 0
53254
55103 128 704 0 11264 0 1 24
54399 208 788 0 8192 0 16 0
54399 112 900 0 8192 0 16 1
54399 128 1012 0 8192 0 16 0
54399 144 1108 0 8192 0 16 0
54399 64 1224 0 8192 0 16 0
54399 56 720 0 8192 0 16 0
53311 152 1480 0 8192 0 768 260
201 0
55639
53311 848 1272 0 8192 0 256 772
53311 824 1272 0 8192 0 257 516
53311 368 1384 0 8192 0 769 2
53311 416 1480 0 8192 0 1281 516
54207 256 668 0 8192 0 1 16
54207 560 924 0 8192 0 5 0
54207 768 932 0 8192 0 519 0
54207 480 172 0 8192 0 1 16
54207 624 236 0 8192 0 1 16
55039 768 1056 0 10240 0 16 528
55039 624 1160 0 10240 0 272 528
202 0
56731
54207 112 188 0 8192 0 515 16
54207 144 476 0 8192 0 514 16
54207 96 716 0 8192 0 260 16
53183 216 700 0 8192 0 64 8
53183 56 460 0 8192 0 64 8
53183 212 892 0 8192 0 64 8
53183 168 940 0 8192 0 64 8
203 0
56852
204 0
56846
205 0
55818
55551 160 904 0 8192 0 0 0
53183 100 856 0 8192 0 16 4
56255 48 1688 6 40960 0 2 0
206 0
57136
59327 176 240 0 8192 0 64 1
55935 128 220 0 24832 0 0 0
59327 77 240 0 8192 0 64 1
207 0
55869
58943 504 160 0 8192 0 0 63496
58943 504 160 0 9216 0 1 0
59007 504 160 0 10240 0 2 0
58943 736 120 0 8192 0 0 53260
58943 736 120 0 9216 0 1 0
59007 736 120 0 10240 0 2 0
58943 832 160 0 8192 0 0 63496
58943 832 160 0 9216 0 1 0
59007 832 160 0 10240 0 2 0
208 0
56016
209 0
56019
58943 168 160 0 8192 0 0 63496
58943 168 160 0 9216 0 1 0
59007 168 160 0 10240 0 2 0
58943 256 120 0 8192 0 0 53260
58943 256 120 0 9216 0 1 0
59007 256 120 0 10240 0 2 0
58943 544 120 0 8192 0 0 53260
58943 544 120 0 9216 0 1 0
59007 544 120 0 10240 0 2 0
210 0
57238
57279 464 144 80 10240 0 512 25092
57279 176 320 128 10240 0 512 40964
57279 240 352 240 10240 0 512 61444
57279 48 144 64 10240 0 512 20996
211 0
57187
57279 400 160 114 10240 0 512 29188
57279 336 192 152 10240 0 512 41476
57279 208 208 192 10240 0 512 41476
212 0
56166
59775 40 184 0 10240 0 8 1
59775 72 312 0 10240 0 8 1
59775 184 280 0 10240 0 6 0
59775 168 376 0 10240 0 7 2
59775 216 104 0 10240 0 10 0
59775 40 56 0 10240 0 10 0
59775 112 440 0 10240 0 7 2
213 0
56281
59775 56 216 0 10240 0 9 1
59775 216 152 0 10240 0 10 1
59775 88 376 0 10240 0 7 2
59775 184 312 0 10240 0 8 2
59775 40 40 0 10240 0 10 0
59775 152 456 0 10240 0 7 2
214 0
54103
56255 1348 472 7 43008 0 4 0
56255 544 660 6 43008 0 3 0
56255 1056 612 4 43008 0 5 0
56255 472 304 3 43008 0 7 0
56255 1360 696 4 40960 0 2 0
215 0
56380
55935 152 216 0 24832 0 0 0
55935 104 216 0 24832 0 0 0
55935 152 224 0 24832 0 0 0
216 0
56431
55551 48 72 0 8192 0 0 0
55551 192 144 0 8192 0 0 0
55551 368 72 0 8192 0 0 0
55551 664 152 0 8192 0 0 0
55551 752 1920 0 8192 0 0 0
53183 608 88 0 8192 0 32 8
53183 864 88 0 8192 0 32 8
217 0
54355
53631 80 80 0 8192 0 0 0
53631 48 120 0 8192 0 0 0
53631 184 80 0 8192 0 0 0
53183 368 668 0 8192 0 128 22
53183 352 508 0 8192 0 128 22
53631 368 120 0 8192 0 0 0
53631 408 112 0 8192 0 0 0
53631 144 112 0 8192 0 0 0
53183 448 732 0 8192 0 32 22
53183 384 812 0 8192 0 48 22
53183 416 412 0 8192 0 64 22
53183 336 1008 0 8192 0 16 8
53183 432 1008 0 8192 0 8 8
218 0
56546
53183 128 556 0 8192 0 48 22
53183 192 476 0 8192 0 32 22
53183 112 412 0 8192 0 128 22
53183 80 752 0 8192 0 16 8
53183 176 752 0 8192 0 8 8
219 0
56629
220 0
56632
55935 696 200 0 24832 0 0 0
55935 456 208 0 24832 0 0 0
55935 456 216 0 24832 0 0 0
55935 952 216 0 24832 0 0 0
55935 456 224 0 24832 0 0 0
53311 192 168 0 8192 0 257 796
221 0
53385
55551 128 120 0 8192 0 0 0
55551 656 104 0 8192 0 0 0
55551 1104 176 0 8192 0 0 0
55551 1168 96 0 8192 0 0 0
55551 1632 136 0 8192 0 0 0
55551 168 416 0 8192 0 0 0
55551 360 344 0 8192 0 0 0
55551 1584 416 0 8192 0 0 0
222 0
53516
223 0
53519
223 1
53519
224 0
53522
53183 288 128 0 8192 0 0 22
53183 400 112 0 8192 0 0 22
53183 496 128 0 8192 0 0 22
53183 592 128 0 8192 0 0 22
53183 1008 172 0 8192 0 16 22
55935 1376 216 0 24832 0 0 0
55935 1376 224 0 24832 0 0 0
55935 1376 232 0 24832 0 0 0
55935 1376 240 0 24832 0 0 0
55935 1376 248 0 24832 0 0 0
225 0
53685
226 0
53688
227 0
53691
59775 32 56 0 10240 0 1 0
59775 224 120 0 10240 0 1 1
59775 88 200 0 10240 0 5 7
228 0
53742
59775 72 32 0 10240 0 1 1
59775 72 104 0 10240 0 3 2
59775 240 144 0 10240 0 5 6
59775 72 208 0 10240 0 1 7
59775 256 56 0 10240 0 2 2
59775 440 40 0 10240 0 1 1
59775 456 104 0 10240 0 3 2
59775 480 192 0 10240 0 1 7
59775 256 224 0 10240 0 2 7
229 0
53889
61567 168 184 0 8192 0 0 0
61567 168 184 0 8192 0 0 2
61567 168 184 0 8192 0 0 4
61567 168 184 0 8192 0 0 6
61567 168 184 0 8192 0 0 8
61567 168 184 0 8192 0 0 10
61567 168 184 0 8192 0 0 12
56255 920 184 6 40960 0 1 0
56255 984 80 2 40960 0 1 0
229 1
53889
61567 168 184 0 8192 0 0 0
61567 168 184 0 8192 0 0 2
61567 168 184 0 8192 0 0 4
61567 168 184 0 8192 0 0 6
61567 168 184 0 8192 0 0 8
61567 168 184 0 8192 0 0 10
61567 168 184 0 8192 0 0 12
56255 920 184 6 40960 0 1 0
56255 984 80 2 40960 0 1 0
230 0
53037
54143 592 608 0 43008 4 0 0
54143 720 608 0 43008 4 0 0
54143 880 608 0 43008 4 0 0
55551 160 568 0 8192 0 0 0
55551 80 400 0 8192 0 0 0
55551 96 128 0 8192 0 0 0
231 0
56922
62099 128 128 0 10240 0 0 0
231 1
56922
62099 128 128 0 10240 0 0 0
232 0
54352
233 0
56849
234 0
57305
53247 72 180 0 8192 0 257 0
53247 176 308 0 8192 0 257 0
53247 104 436 0 8192 0 256 0
53247 160 74 0 8192 0 0 0
235 0
57372
53247 384 148 0 8192 0 257 0
53247 656 164 0 8192 0 256 0
53247 912 260 0 8192 0 257 0
53247 720 436 0 8192 0 256 0
53247 240 346 0 8192 0 1 0
53247 720 362 0 8192 0 0 513
236 0
32768
236 1
54036
56895 65456 65456 0 10240 4 0 0
56959 65456 65456 0 11264 4 0 0
57023 65456 65456 0 11264 4 0 0
57087 65456 65456 0 11264 4 0 0
237 0
58413
55103 128 706 0 11264 0 1 24
238 0
58646
53823 40 72 0 24576 0 0 0
53823 536 216 0 24576 0 0 0
53823 1176 72 0 24576 0 0 0
53823 1128 216 0 24576 0 0 0
238 1
57816
56703 268 106 0 8192 0 0 5
56703 637 116 0 8192 0 0 5
56703 877 146 0 8192 0 0 5
56703 1197 140 0 8192 0 0 5
53823 40 72 0 24576 0 0 0
53823 536 216 0 24576 0 0 0
53823 1176 72 0 24576 0 0 0
53823 1128 216 0 24576 0 0 0
239 0
58713
53823 152 72 0 24576 0 0 0
53823 216 184 0 24576 0 0 0
53823 216 440 0 24576 0 0 0
53823 8 328 0 24576 0 0 0
239 1
58432
56703 152 277 0 8192 0 0 5
53823 152 72 0 24576 0 0 0
53823 216 184 0 24576 0 0 0
53823 216 440 0 24576 0 0 0
53823 8 328 0 24576 0 0 0
56703 86 394 0 8192 0 0 5
240 0
58815
53823 264 72 0 24576 0 0 0
53823 24 72 0 24576 0 0 0
53823 40 184 0 24576 0 0 0
53823 232 184 0 24576 0 0 0
53823 440 72 0 24576 0 0 0
53823 616 72 0 24576 0 0 0
53823 616 184 0 24576 0 0 0
53823 1496 72 0 24576 0 0 0
53823 1464 184 0 24576 0 0 0
240 1
59284
56703 394 129 0 8192 0 0 5
56703 871 119 0 8192 0 0 5
56703 1130 115 0 8192 0 0 5
53823 264 72 0 24576 0 0 0
53823 24 72 0 24576 0 0 0
53823 40 184 0 24576 0 0 0
53823 232 184 0 24576 0 0 0
53823 440 72 0 24576 0 0 0
53823 616 72 0 24576 0 0 0
53823 616 184 0 24576 0 0 0
53823 1496 72 0 24576 0 0 0
53823 1464 184 0 24576 0 0 0
241 0
58962
53823 152 184 0 24576 0 0 0
53823 152 392 0 24576 0 0 0
53823 104 296 0 24576 0 0 0
53823 248 184 0 24576 0 0 0
241 1
58531
56703 196 338 0 8192 0 0 5
56703 62 251 0 8192 0 0 5
53823 152 184 0 24576 0 0 0
53823 152 392 0 24576 0 0 0
53823 104 296 0 24576 0 0 0
53823 248 184 0 24576 0 0 0
56703 70 446 0 8192 0 0 5
242 0
58247
55807 248 97 0 8192 0 32768 0
55807 134 169 0 8192 0 0 0
242 1
58247
55807 248 97 0 8192 0 32768 0
55807 134 169 0 8192 0 0 0
243 0
57947
60735 288 148 0 10240 0 0 0
243 1
57947
60735 288 148 0 10240 0 0 0
244 0
57966
61119 384 64 0 10240 0 0 0
60799 552 160 0 40960 0 0 0
60799 160 64 0 40960 0 2 0
60927 240 64 0 40960 0 0 0
60927 664 200 0 40960 0 2 0
60927 264 54 0 40960 0 4 0
60991 800 168 0 40960 0 0 0
60991 194 200 0 40960 0 2 0
61055 896 71 0 40960 0 0 0
61055 608 71 0 40960 0 2 0
61055 384 71 0 40960 0 4 0
244 1
57966
61119 384 64 0 10240 0 0 0
60799 552 160 0 40960 0 0 0
60799 160 64 0 40960 0 2 0
60927 240 64 0 40960 0 0 0
60927 664 200 0 40960 0 2 0
60927 264 54 0 40960 0 4 0
60991 800 168 0 40960 0 0 0
60991 194 200 0 40960 0 2 0
61055 896 71 0 40960 0 0 0
61055 608 71 0 40960 0 2 0
61055 384 71 0 40960 0 4 0
245 0
59144
246 0
59147
247 0
32768
247 1
58145
60543 129 111 0 10240 4 0 0
60479 129 111 0 10240 4 0 0
57983 0 0 0 8192 0 0 0
53823 823 54 0 24576 0 1 0
53823 823 166 0 24576 0 2 0
53823 631 28 0 24576 0 3 0
247 2
58145
60543 129 111 0 10240 4 0 0
60479 129 111 0 10240 4 0 0
57983 0 0 0 8192 0 0 0
53823 823 54 0 24576 0 1 0
53823 823 166 0 24576 0 2 0
53823 631 28 0 24576 0 3 0
248 0
58244
249 0
59479
53823 232 440 0 24576 0 0 0
53823 232 520 0 24576 0 0 0
53823 8 584 0 24576 0 0 0
250 0
57813
251 0
58282
54719 440 64 264 43008 65280 8192 16
54719 440 192 8 43008 255 8192 16
54719 360 64 264 43008 65280 8192 16
54719 360 192 8 43008 255 8192 16
54719 280 64 264 43008 65280 8192 24
54719 280 192 8 43008 255 8192 24
54719 200 64 264 43008 65280 8192 32
54719 200 192 8 43008 255 8192 32
252 0
58780
62611 43 216 0 8192 4 0 160
62611 208 296 0 8192 4 1 160
253 0
59029
63379 192 352 0 8192 4 0 16
63379 1336 352 0 8192 4 0 16
63379 1160 352 0 8192 4 0 16
63379 984 352 0 8192 4 0 16
63379 1144 80 0 8192 4 0 16
63379 1248 80 0 8192 4 0 16
63379 1376 80 0 8192 4 0 16
254 0
57602
62611 43 1232 0 8192 4 0 132
62611 178 1064 0 8192 4 1 132
62611 43 776 0 8192 4 0 132
62611 178 632 0 8192 4 1 132
62611 43 488 0 8192 4 0 132
62611 178 344 0 8192 4 1 132
63379 624 384 0 8192 4 0 32
63379 464 384 0 8192 4 0 32
63379 456 720 0 8192 4 0 16
63379 320 512 0 8192 4 0 32
63379 440 944 0 8192 4 0 16
63379 360 1280 0 8192 4 0 16
63379 632 1104 0 8192 4 0 16
255 0
59281
256 0
59740
57919 232 631 2 43008 0 2 0
57919 224 639 4 43008 0 4 0
57855 94 108 0 8192 0 4 0
57855 162 108 0 8192 0 5 0
57855 158 200 0 8192 0 4 0
57855 98 200 0 8192 0 5 0
57855 94 296 0 8192 0 4 0
57855 162 296 0 8192 0 5 0
57855 158 392 0 8192 0 4 0
57855 98 408 0 8192 0 5 0
57855 94 504 0 8192 0 4 0
57855 162 504 0 8192 0 5 0
57855 114 600 0 8192 0 5 0
256 1
59530
57919 232 631 2 43008 0 2 0
57919 224 639 1 43008 0 1 0
257 0
59951
57855 160 204 0 8192 0 0 0
57855 224 188 0 8192 0 0 0
57855 288 188 0 8192 0 0 0
57855 352 204 0 8192 0 0 0
57855 440 168 0 8192 0 1 0
57855 128 66 0 8192 0 2 0
57855 192 66 0 8192 0 2 0
57855 256 66 0 8192 0 2 0
57855 320 66 0 8192 0 2 0
57855 384 66 0 8192 0 2 0
57855 72 168 0 8192 0 3 0
57919 32 127 0 43008 0 0 0
57919 480 127 1 43008 0 1 0
257 1
59565
57919 32 127 0 43008 0 0 0
57919 480 127 1 43008 0 1 0
258 0
60162
57919 32 127 0 43008 0 0 0
57919 224 383 1 43008 0 1 0
57855 112 156 0 8192 0 0 0
57855 194 176 0 8192 0 3 0
57855 120 278 0 8192 0 0 0
57855 62 304 0 8192 0 1 0
57855 136 404 0 8192 0 0 0
258 1
59600
57919 32 127 0 43008 0 0 0
57919 224 383 1 43008 0 1 0
259 0
60277
57919 32 127 0 43008 0 0 0
57919 480 127 1 43008 0 1 0
259 1
59635
57919 32 127 0 43008 0 0 0
57919 480 127 1 43008 0 1 0
260 0
60312
57919 32 127 0 43008 0 0 0
57919 480 127 1 43008 0 1 0
260 1
59670
57919 32 127 0 43008 0 0 0
57919 480 127 1 43008 0 1 0
261 0
60347
57919 16 127 3 43008 0 3 0
261 1
59705
57663 186 171 0 10240 0 0 0
57919 16 127 3 43008 0 3 0
262 0
60366
34877
53375 1152 1144 0 9216 0 0 0
53439 1152 1144 0 9216 0 0 0
53439 1152 1144 0 9216 0 0 1
