0 0
46851 30 40 176 146
46663 30 39 0 128
46663 30 38 0 128
46663 30 37 0 128
56132 8 8 8 0
51272 1 38 2 144
51266 142 70 3 144
51266 142 22 4 144
0 1
46851 30 40 176 146
46663 30 39 0 128
46663 30 38 0 128
46663 30 37 0 128
51314 142 70 0 0
51290 142 22 1 0
0 2
46851 30 40 176 146
46663 30 39 0 128
46663 30 38 0 128
46663 30 37 0 128
51314 142 70 0 0
51290 142 22 1 0
0 3
46851 30 40 176 146
46663 30 39 0 128
46663 30 38 0 128
46663 30 37 0 128
51314 142 70 0 0
51290 142 22 1 0
1 0
1 1
2 0
46851 63 11 137 147
46851 67 11 140 147
46851 22 13 143 147
46651 23 13 0 128
46651 24 13 0 128
46651 25 13 0 128
46851 22 11 150 147
46651 23 11 0 128
46651 24 11 0 128
46651 25 11 0 128
46851 14 9 153 147
46663 14 8 0 128
46663 14 7 0 128
46851 28 10 156 147
46663 28 9 0 128
46663 28 8 0 128
46663 28 7 0 128
46663 28 6 0 128
46663 28 5 0 128
46851 50 11 159 147
46851 60 11 159 147
46851 58 17 162 147
46651 59 17 0 128
46651 60 17 0 128
46651 61 17 0 128
46651 62 17 0 128
46851 52 14 165 147
56132 8 8 10 0
51272 1 6 6 144
51272 17 38 7 144
51272 17 54 8 144
51266 30 54 9 144
51278 22 77 10 144
2 1
46851 63 11 137 147
46851 67 11 140 147
46851 22 13 143 147
46651 23 13 0 128
46651 24 13 0 128
46651 25 13 0 128
46851 22 11 150 147
46651 23 11 0 128
46651 24 11 0 128
46651 25 11 0 128
46851 14 9 153 147
46663 14 8 0 128
46663 14 7 0 128
46851 28 10 156 147
46663 28 9 0 128
46663 28 8 0 128
46663 28 7 0 128
46663 28 6 0 128
46663 28 5 0 128
46851 50 11 159 147
46851 60 11 159 147
46851 58 17 162 147
46651 59 17 0 128
46651 60 17 0 128
46651 61 17 0 128
46651 62 17 0 128
46851 52 14 165 147
51338 30 54 5 0
2 2
46851 63 11 137 147
46851 67 11 140 147
46851 22 13 143 147
46651 23 13 0 128
46651 24 13 0 128
46651 25 13 0 128
46851 22 11 150 147
46651 23 11 0 128
46651 24 11 0 128
46651 25 11 0 128
46851 14 9 153 147
46663 14 8 0 128
46663 14 7 0 128
46851 28 10 156 147
46663 28 9 0 128
46663 28 8 0 128
46663 28 7 0 128
46663 28 6 0 128
46663 28 5 0 128
46851 50 11 159 147
46851 60 11 159 147
46851 58 17 162 147
46651 59 17 0 128
46651 60 17 0 128
46651 61 17 0 128
46651 62 17 0 128
46851 52 14 165 147
51338 30 54 5 0
3 0
61155 29 7 0 0
4 0
46959 5 11 1 0
5 0
51266 94 54 11 144
51314 126 70 12 0
61147 2 91 1 0
61315 28 3 2 0
61147 1 47 3 0
6 0
7 0
46851 23 15 194 148
46651 24 15 0 128
46851 22 12 199 148
46651 23 12 0 128
46651 24 12 0 128
46651 25 12 0 128
51290 46 6 13 0
51302 22 45 14 0
8 0
46851 8 13 250 148
9 0
10 0
11 0
12 0
51302 6 13 15 0
13 0
14 0
61147 14 9 4 0
15 0
46851 8 13 88 150
51308 6 2 16 0
16 0
46851 84 12 140 150
61143 83 8 5 0
17 0
18 0
46851 29 5 71 151
46851 32 5 68 151
46851 29 118 77 151
46851 32 118 74 151
46655 18 133 0 128
46655 19 133 0 128
46663 20 133 0 128
46663 20 134 0 128
46663 20 135 0 128
46663 20 136 0 128
46851 20 137 83 151
46663 15 134 0 128
46663 15 135 0 128
46663 15 136 0 128
46851 15 137 80 151
46663 13 134 0 128
46663 13 135 0 128
46663 13 136 0 128
46851 13 137 86 151
46663 8 134 0 128
46663 8 135 0 128
46663 8 136 0 128
46851 8 137 89 151
56132 8 8 12 0
51266 46 6 20 144
51266 46 118 21 144
51266 30 134 22 144
51272 1 134 23 144
18 1
46851 29 5 71 151
46851 32 5 68 151
46851 29 118 77 151
46851 32 118 74 151
46655 18 133 0 128
46655 19 133 0 128
46663 20 133 0 128
46663 20 134 0 128
46663 20 135 0 128
46663 20 136 0 128
46851 20 137 83 151
46663 15 134 0 128
46663 15 135 0 128
46663 15 136 0 128
46851 15 137 80 151
46663 13 134 0 128
46663 13 135 0 128
46663 13 136 0 128
46851 13 137 86 151
46663 8 134 0 128
46663 8 135 0 128
46663 8 136 0 128
46851 8 137 89 151
51266 46 6 17 144
51272 1 134 18 144
51290 46 118 19 0
18 2
46851 29 5 71 151
46851 32 5 68 151
46851 29 118 77 151
46851 32 118 74 151
46655 18 133 0 128
46655 19 133 0 128
46663 20 133 0 128
46663 20 134 0 128
46663 20 135 0 128
46663 20 136 0 128
46851 20 137 83 151
46663 15 134 0 128
46663 15 135 0 128
46663 15 136 0 128
46851 15 137 80 151
46663 13 134 0 128
46663 13 135 0 128
46663 13 136 0 128
46851 13 137 86 151
46663 8 134 0 128
46663 8 135 0 128
46663 8 136 0 128
46851 8 137 89 151
51266 46 6 17 144
51272 1 134 18 144
51290 46 118 19 0
19 0
46851 4 15 171 151
46851 6 15 171 151
46851 5 9 176 151
51266 46 6 25 12
51272 1 6 26 12
61147 5 26 6 0
19 1
46851 4 15 171 151
46851 6 15 171 151
46851 5 9 176 151
51272 1 6 24 144
20 0
46851 7 13 1 152
20 1
46851 7 13 1 152
21 0
56132 8 8 14 0
51272 1 6 28 24
21 1
47860 1 6 27 8
61243 12 10 7 0
55018 13 11 0 0
21 2
47860 1 6 27 8
61243 12 10 7 0
55018 13 11 0 0
22 0
56132 8 8 16 0
22 1
51338 46 6 29 0
22 2
51338 46 6 29 0
23 0
24 0
61143 7 42 8 0
25 0
46851 7 13 102 153
26 0
27 0
46803 11 10 0 128
28 0
46851 7 67 243 153
46651 8 67 0 128
46851 9 70 246 153
46651 10 70 0 128
61147 13 27 9 0
61147 2 27 10 0
51338 14 102 30 0
29 0
61151 59 9 11 0
30 0
30 1
31 0
61147 4 7 12 0
31 1
32 0
46851 7 113 70 155
46851 16 168 75 155
46851 33 168 75 155
46851 13 172 82 155
46859 6 44 0 128
61239 60 122 13 0
51344 1 86 31 0
51344 1 70 32 0
51338 14 70 33 0
51338 14 102 34 0
51344 1 102 35 0
51266 14 118 36 144
33 0
46851 23 11 152 155
46651 24 11 0 128
61235 26 135 14 0
34 0
51266 46 6 37 12
35 0
46851 41 14 249 155
46651 42 14 0 128
46651 43 14 0 128
46851 4 19 0 156
46851 4 15 249 155
51338 46 22 38 0
61147 19 27 15 0
61151 4 6 16 0
36 0
46851 14 11 50 156
61307 11 7 17 0
61315 30 7 18 0
61147 25 7 19 0
37 0
46803 5 10 0 128
38 0
51320 1 38 39 0
39 0
46827 4 10 20 0
40 0
46659 69 14 0 128
46655 69 13 0 128
46655 70 13 0 128
46655 71 13 0 128
46655 72 13 0 128
46655 73 13 0 128
46851 74 13 17 157
46663 64 8 0 128
46663 64 9 0 128
46663 64 10 0 128
46851 64 11 20 157
46659 75 11 0 128
46659 75 10 0 128
46651 75 9 0 128
46651 74 9 0 128
46651 73 9 0 128
46651 72 9 0 128
46651 71 9 0 128
46651 70 9 0 128
46651 69 9 0 128
46663 68 9 0 128
46663 68 10 0 128
46851 68 11 20 157
41 0
46851 46 107 132 157
46851 32 122 139 157
46851 61 87 142 157
46851 64 87 145 157
46851 31 8 150 157
46851 33 8 153 157
61147 36 50 21 0
61147 34 103 22 0
61247 37 118 23 0
51290 62 70 40 0
51314 62 102 41 0
51338 62 6 42 0
51344 1 150 43 0
42 0
51272 1 6 44 12
51284 54 3 45 12
43 0
51326 6 46 46 0
43 1
51326 6 46 46 0
44 0
46851 8 14 64 158
46851 8 11 73 158
51266 30 6 47 12
61155 6 23 24 0
45 0
51242 100 55 0 128
51254 100 55 0 0
51290 30 6 48 0
61147 61 24 25 0
46 0
46851 31 43 5 159
46663 8 35 0 128
46663 8 36 0 128
46663 8 37 0 128
46663 8 38 0 128
46663 8 39 0 128
46663 8 40 0 128
46663 8 41 0 128
46663 8 42 0 128
46851 8 43 8 159
46651 88 33 0 128
46851 87 33 11 159
46651 88 10 0 128
46851 87 10 11 159
46651 88 38 0 128
46851 87 38 14 159
51272 1 38 49 12
61155 40 42 27 0
46 1
46851 31 43 5 159
46663 8 35 0 128
46663 8 36 0 128
46663 8 37 0 128
46663 8 38 0 128
46663 8 39 0 128
46663 8 40 0 128
46663 8 41 0 128
46663 8 42 0 128
46851 8 43 8 159
46651 88 33 0 128
46851 87 33 11 159
46651 88 10 0 128
46851 87 10 11 159
46651 88 38 0 128
46851 87 38 14 159
61219 69 41 26 0
47 0
46851 4 11 95 159
46651 5 11 0 128
46651 6 11 0 128
46651 7 11 0 128
46651 8 11 0 128
46651 9 11 0 128
46651 10 11 0 128
46651 11 11 0 128
51338 14 6 50 0
47 1
46851 4 11 95 159
46651 5 11 0 128
46651 6 11 0 128
46651 7 11 0 128
46651 8 11 0 128
46651 9 11 0 128
46651 10 11 0 128
46651 11 11 0 128
51338 14 6 50 0
48 0
46851 39 11 183 159
46851 39 38 183 159
61147 46 41 28 0
61311 28 34 29 0
48 1
46851 39 11 183 159
46851 39 38 183 159
61147 46 41 28 0
61311 28 34 29 0
49 0
51314 94 6 51 0
50 0
51 0
46851 7 11 74 160
46651 8 11 0 128
46651 9 11 0 128
61143 5 9 30 0
51320 1 6 52 0
52 0
61151 7 9 31 0
53 0
46815 4 10 32 0
54 0
51320 1 6 53 0
55 0
46663 15 9 0 128
46663 15 10 0 128
46851 15 11 4 161
61143 4 9 33 0
56 0
61231 4 7 34 0
57 0
51242 17 4 0 128
51254 17 4 2 0
51272 1 22 54 12
51266 30 22 55 12
58 0
61143 11 9 35 0
59 0
46959 5 11 0 0
60 0
61 0
61147 7 9 36 0
61315 5 12 37 0
62 0
46959 5 11 1 0
63 0
46959 5 11 2 0
64 0
46851 9 106 142 162
46651 10 106 0 128
51320 1 150 56 0
51296 1 102 57 0
65 0
51344 1 6 58 0
66 0
61283 5 7 38 0
67 0
68 0
46851 5 94 111 163
46651 6 94 0 128
46851 16 55 116 163
46851 13 55 121 163
46859 6 44 0 128
51242 38 53 0 128
51254 38 53 10 0
51320 1 54 59 0
51296 1 86 60 0
51320 1 118 61 0
69 0
46851 7 14 169 163
46651 8 14 0 128
61155 4 19 39 0
51266 30 6 62 12
70 0
46663 15 4 0 128
46663 15 5 0 128
46663 15 6 0 128
46663 15 7 0 128
46663 15 8 0 128
46663 15 9 0 128
46663 15 10 0 128
46663 15 11 0 128
46851 15 12 218 163
61239 20 9 40 0
61147 2 8 41 0
71 0
72 0
46851 16 17 57 164
46651 17 17 0 128
46651 18 17 0 128
46651 19 17 0 128
46851 16 20 62 164
46651 17 20 0 128
46651 18 20 0 128
46651 19 20 0 128
46851 8 17 57 164
46851 8 20 62 164
46851 2 17 57 164
46851 2 20 62 164
51314 30 6 63 0
73 0
61267 11 9 42 0
74 0
46851 2 11 162 164
46851 2 25 169 164
46851 7 25 174 164
46851 21 25 169 164
51272 1 22 64 0
75 0
51266 14 6 65 12
61311 5 4 43 0
76 0
46851 23 11 15 165
46851 23 14 20 165
46663 11 4 0 128
46663 11 5 0 128
46663 11 6 0 128
46663 11 7 0 128
46663 11 8 0 128
46663 11 9 0 128
46663 11 10 0 128
46851 11 11 25 165
46851 39 12 28 165
46851 46 12 28 165
61315 46 8 44 0
77 0
51266 94 6 66 12
51272 1 6 67 12
77 1
51266 94 6 66 12
51272 1 6 67 12
78 0
46851 3 18 156 165
46651 4 18 0 128
46651 5 18 0 128
51314 14 6 68 0
56154 30 22 69 0
56160 30 25 69 0
56150 30 23 69 0
79 0
51266 30 22 70 0
51272 1 22 71 0
79 1
51266 30 22 70 0
51272 1 22 71 0
80 0
81 0
46815 4 10 45 0
82 0
46827 9 10 46 0
46815 7 10 47 0
83 0
51272 1 6 72 148
84 0
46851 7 12 214 166
46651 8 12 0 128
46851 16 9 217 166
46663 16 8 0 128
46663 16 7 0 128
46851 18 9 220 166
46663 18 8 0 128
46663 18 7 0 128
46663 18 6 0 128
46851 19 11 223 166
46651 20 11 0 128
46663 20 10 0 128
46663 20 9 0 128
46663 20 8 0 128
46663 20 7 0 128
46663 20 6 0 128
46663 20 5 0 128
46663 20 4 0 128
85 0
61275 7 9 48 0
86 0
46959 7 11 3 0
87 0
46959 7 11 4 0
88 0
89 0
61315 34 28 49 0
51314 46 22 73 0
90 0
51338 46 6 74 0
91 0
46859 6 44 0 128
51320 1 54 75 0
51296 1 70 76 0
51344 1 86 77 0
92 0
46851 55 45 96 168
46651 56 45 0 128
93 0
94 0
61251 12 7 50 0
95 0
46851 15 23 236 168
46851 13 23 239 168
46851 17 23 242 168
46851 19 23 245 168
96 0
61315 1 8 51 0
97 0
46851 158 40 128 169
46663 158 39 0 128
46663 158 38 0 128
46663 158 37 0 128
46663 158 36 0 128
46851 190 41 135 169
46663 190 40 0 128
46663 190 39 0 128
46851 194 41 138 169
46663 194 40 0 128
46663 194 39 0 128
46663 194 38 0 128
51326 198 45 78 0
98 0
51284 54 2 79 4
61143 125 6 52 0
98 1
51284 54 2 79 4
61143 125 6 52 0
99 0
61255 3 10 53 0
100 0
51242 6 5 0 128
51254 6 5 10 0
61147 13 9 54 0
101 0
46851 16 12 117 170
46851 15 5 112 170
46851 8 28 124 170
46851 11 18 127 170
51266 30 6 80 12
61147 9 6 55 0
61143 23 8 56 0
102 0
51344 1 6 81 0
103 0
46959 7 11 0 0
104 0
61155 7 8 57 0
105 0
51338 14 54 82 0
106 0
61147 60 9 58 0
107 0
51242 42 5 0 128
51254 42 5 8 0
108 0
61147 67 9 59 0
109 0
110 0
111 0
61291 4 39 60 0
112 0
61307 2 7 61 0
61315 7 11 62 0
113 0
46851 16 5 176 172
61147 20 10 63 0
114 0
51320 1 6 83 0
51314 30 6 84 0
61147 20 60 64 0
115 0
47276 0 0 0 128
61315 188 19 65 0
51338 190 22 85 0
116 0
61259 11 6 66 0
117 0
46851 13 8 167 173
46851 16 8 170 173
46663 77 10 0 128
46663 77 11 0 128
46851 77 12 170 173
51338 14 22 86 0
118 0
51242 26 5 0 128
51254 26 5 0 0
61147 31 9 67 0
51338 62 6 87 0
119 0
61263 11 6 68 0
120 0
121 0
46851 32 41 102 174
46851 31 41 107 174
46663 25 36 0 128
46663 25 37 0 128
46663 25 38 0 128
46663 25 39 0 128
46663 25 40 0 128
46851 25 41 110 174
46663 38 38 0 128
46663 38 39 0 128
46663 38 40 0 128
46851 38 41 113 174
122 0
46851 15 23 169 174
46851 17 23 172 174
46663 8 21 0 128
46663 8 22 0 128
46663 8 23 0 128
46851 8 24 177 174
51242 7 20 0 128
51254 7 20 0 0
51296 17 38 88 0
123 0
124 0
46851 2 11 15 175
46651 3 11 0 128
46651 4 11 0 128
46851 11 11 15 175
46651 12 11 0 128
46651 13 11 0 128
125 0
126 0
46851 8 11 111 175
127 0
51242 6 21 0 128
51254 6 21 0 0
128 0
129 0
130 0
131 0
46815 7 10 69 0
132 0
133 0
46851 9 12 167 176
46651 10 12 0 128
46851 9 16 172 176
46651 10 16 0 128
46851 6 19 177 176
46651 7 19 0 128
46651 8 19 0 128
46651 9 19 0 128
134 0
46803 5 10 0 128
135 0
46959 5 11 1 0
136 0
137 0
138 0
46959 7 11 2 0
139 0
46959 7 11 3 0
140 0
46959 5 11 4 0
141 0
46851 12 30 36 178
46851 12 35 45 178
142 0
46851 71 8 125 178
46651 72 8 0 128
46851 71 35 125 178
46651 72 35 0 128
46851 71 41 128 178
46651 72 41 0 128
46859 70 42 0 128
143 0
46851 4 12 209 178
46651 5 12 0 128
46651 6 12 0 128
46651 7 12 0 128
46651 8 12 0 128
46651 9 12 0 128
46651 10 12 0 128
46651 11 12 0 128
61147 13 8 70 0
61319 21 8 71 0
51266 30 22 89 8
143 1
46851 4 12 209 178
46651 5 12 0 128
46651 6 12 0 128
46651 7 12 0 128
46651 8 12 0 128
46651 9 12 0 128
46651 10 12 0 128
46651 11 12 0 128
61147 13 8 70 0
61319 21 8 71 0
51266 30 22 89 8
144 0
51242 52 5 0 128
51254 52 5 8 0
145 0
46815 8 10 72 0
146 0
51266 14 6 90 0
51272 1 22 91 0
146 1
51266 14 6 90 0
51272 1 22 91 0
147 0
56140 1 6 92 0
56146 1 9 92 0
56136 1 7 92 0
148 0
46851 7 33 217 179
46651 8 33 0 128
46851 7 27 220 179
46651 8 27 0 128
149 0
150 0
46851 48 22 69 180
46851 50 22 72 180
46851 45 22 75 180
46663 43 20 0 128
46663 43 21 0 128
46663 43 22 0 128
46851 43 23 78 180
46663 56 54 0 128
46663 56 55 0 128
46663 56 56 0 128
46851 56 57 81 180
46651 61 52 0 128
46651 60 52 0 128
46851 59 52 84 180
51272 1 54 93 12
61147 39 27 73 0
151 0
152 0
153 0
46851 3 16 224 180
46651 4 16 0 128
46651 5 16 0 128
46651 6 16 0 128
46651 7 16 0 128
46651 8 16 0 128
46651 9 16 0 128
46651 10 16 0 128
46651 11 16 0 128
46651 12 16 0 128
154 0
155 0
46851 12 9 71 181
46663 12 8 0 128
46663 12 7 0 128
46663 12 6 0 128
46851 3 18 78 181
46651 4 18 0 128
46651 5 18 0 128
46651 6 18 0 128
46651 7 18 0 128
46651 8 18 0 128
46651 9 18 0 128
46651 10 18 0 128
46851 47 3 85 181
61147 43 7 74 0
156 0
61155 12 8 75 0
157 0
46851 17 72 195 181
46651 9 70 0 128
46663 8 70 0 128
46851 8 71 200 181
46851 31 72 195 181
46851 36 72 200 181
46851 6 14 205 181
46651 7 14 0 128
46651 8 14 0 128
46651 9 14 0 128
46851 6 11 210 181
46651 7 11 0 128
46651 8 11 0 128
46651 9 11 0 128
51302 38 77 94 0
158 0
46851 23 13 18 182
46651 24 13 0 128
46851 21 8 21 182
46651 22 8 0 128
46651 23 8 0 128
46651 24 8 0 128
46651 25 8 0 128
46651 26 8 0 128
46851 79 9 26 182
46851 81 9 34 182
46851 15 11 29 182
46851 60 9 34 182
46851 63 9 26 182
46851 20 7 37 182
46663 20 6 0 128
46663 20 5 0 128
46663 20 4 0 128
46851 9 9 40 182
46663 9 8 0 128
46663 9 7 0 128
46663 9 6 0 128
46663 9 5 0 128
51320 17 38 95 0
61155 7 8 76 0
159 0
51272 1 6 96 12
160 0
46851 11 42 141 182
46663 11 41 0 128
46663 11 40 0 128
46663 11 39 0 128
46663 11 38 0 128
46663 11 37 0 128
46851 15 42 144 182
46851 20 42 149 182
61147 8 41 77 0
161 0
61311 14 11 78 0
162 0
61299 11 40 79 0
163 0
46663 31 54 0 128
46663 31 55 0 128
46851 31 56 45 183
46651 45 57 0 128
46651 44 57 0 128
46851 43 57 48 183
46663 15 6 0 128
46663 15 7 0 128
46663 15 8 0 128
46851 15 9 55 183
46651 27 11 0 128
46651 26 11 0 128
46651 25 11 0 128
46651 24 11 0 128
46651 23 11 0 128
46651 22 11 0 128
46651 21 11 0 128
46851 20 11 60 183
61143 42 81 80 0
164 0
46959 7 11 5 0
165 0
46851 31 45 236 201
46663 65 38 0 128
46663 65 39 0 128
46851 65 40 241 201
61307 83 11 129 0
61147 60 38 130 0
51272 1 22 135 144
165 1
46851 31 45 236 201
46663 65 38 0 128
46663 65 39 0 128
46851 65 40 241 201
166 0
166 1
167 0
51272 1 6 136 12
51266 110 6 137 12
51278 70 14 138 12
47877 8 8 0 128
167 1
51272 1 6 128 0
51266 110 6 129 0
47877 8 8 0 128
168 0
61147 45 8 131 0
168 1
169 0
46851 62 87 122 203
46851 81 105 125 203
46851 65 87 128 203
46851 78 105 131 203
46851 71 109 134 203
61147 2 89 128 0
51272 65 102 130 0
51266 78 70 131 0
51326 70 125 132 0
169 1
46851 62 87 122 203
46851 81 105 125 203
46851 65 87 128 203
46851 78 105 131 203
46851 71 109 134 203
61147 2 89 128 0
51272 65 102 130 0
51266 78 70 131 0
51326 70 125 132 0
170 0
170 1
171 0
46851 7 16 36 204
46651 8 16 0 128
51344 1 6 139 0
171 1
46851 7 16 36 204
46651 8 16 0 128
172 0
61143 3 6 132 0
172 1
173 0
46851 64 12 192 204
46851 70 12 197 204
173 1
46851 64 12 192 204
46851 70 12 197 204
56154 78 6 133 0
56160 78 9 133 0
56150 78 7 133 0
174 0
46803 5 10 0 128
174 1
175 0
51272 1 6 134 0
175 1
51272 1 6 134 0
176 0
176 1
177 0
61151 2 7 133 0
177 1
178 0
46851 47 7 61 206
61151 56 9 134 0
178 1
46851 47 7 61 206
179 0
61279 7 9 135 0
179 1
180 0
46959 7 11 0 0
180 1
181 0
46959 7 11 0 0
182 0
46851 3 20 76 207
46651 4 20 0 128
46651 5 20 0 128
46651 6 20 0 128
46851 9 20 76 207
46651 10 20 0 128
46651 11 20 0 128
46651 12 20 0 128
46851 5 29 79 207
46651 6 29 0 128
46651 7 29 0 128
46651 8 29 0 128
46651 9 29 0 128
46651 10 29 0 128
55052 2 21 128 0
51338 14 38 140 0
182 1
46851 3 20 76 207
46651 4 20 0 128
46651 5 20 0 128
46651 6 20 0 128
46851 9 20 76 207
46651 10 20 0 128
46651 11 20 0 128
46651 12 20 0 128
46851 5 29 79 207
46651 6 29 0 128
46651 7 29 0 128
46651 8 29 0 128
46651 9 29 0 128
46651 10 29 0 128
55052 2 21 128 0
51338 14 38 140 0
183 0
184 0
46851 5 9 181 207
46851 5 16 188 207
46851 5 22 193 207
46663 10 3 0 128
46663 10 4 0 128
46663 10 5 0 128
46663 10 6 0 128
46663 10 7 0 128
46663 10 8 0 128
46851 10 9 198 207
51242 22 5 0 128
51254 22 5 10 0
185 0
46851 37 41 18 208
51338 30 118 141 0
61147 14 53 136 0
61151 22 40 137 0
186 0
46663 31 38 0 128
46663 31 39 0 128
46663 31 40 0 128
46851 31 41 82 208
46663 48 38 0 128
46663 48 39 0 128
46663 48 40 0 128
46851 48 41 82 208
51338 62 38 142 0
187 0
61143 31 10 138 0
61315 44 29 139 0
188 0
51242 14 7 0 128
51254 14 7 8 0
189 0
190 0
46851 32 6 53 209
46851 30 6 56 209
191 0
46851 7 31 106 209
61151 4 38 140 0
61147 11 39 141 0
192 0
46663 32 22 0 128
46663 32 23 0 128
46663 32 24 0 128
46851 32 25 160 209
46663 15 22 0 128
46663 15 23 0 128
46663 15 24 0 128
46851 15 25 160 209
193 0
46851 7 45 216 209
46651 8 45 0 128
51314 30 54 143 0
194 0
46663 31 38 0 128
46663 31 39 0 128
46663 31 40 0 128
46851 31 41 22 210
46663 29 38 0 128
46663 29 39 0 128
46663 29 40 0 128
46851 29 41 25 210
61147 44 40 142 0
195 0
46851 8 14 77 210
46851 8 17 77 210
51338 14 22 144 0
196 0
197 0
198 0
51272 1 6 145 12
61287 25 38 143 0
199 0
200 0
46859 6 44 0 128
51338 14 70 146 0
201 0
51266 46 22 147 0
51326 6 45 148 0
202 0
203 0
46803 11 10 0 128
204 0
46959 7 11 1 0
205 0
206 0
207 0
208 0
46851 3 20 189 212
46651 4 20 0 128
46651 5 20 0 128
46651 6 20 0 128
46651 7 20 0 128
46651 8 20 0 128
46651 9 20 0 128
46651 10 20 0 128
46651 11 20 0 128
46651 12 20 0 128
51332 6 2 149 0
209 0
210 0
61147 6 4 144 0
61307 15 4 145 0
211 0
61147 3 7 146 0
61155 25 16 147 0
212 0
213 0
214 0
51344 1 38 150 0
61147 76 9 148 0
61151 92 8 149 0
215 0
51266 14 6 151 0
216 0
217 0
46851 6 50 125 214
46651 7 50 0 128
46651 8 50 0 128
46651 9 50 0 128
46851 13 12 125 214
46663 13 11 0 128
46663 13 10 0 128
46663 13 9 0 128
46663 13 8 0 128
46663 13 7 0 128
46663 13 6 0 128
46663 13 5 0 128
46663 13 4 0 128
46851 18 14 138 214
46663 18 13 0 128
46663 18 12 0 128
46663 18 11 0 128
46663 18 10 0 128
46663 18 9 0 128
46663 18 8 0 128
46663 18 7 0 128
46851 21 43 149 214
46651 22 43 0 128
46651 23 43 0 128
218 0
46851 5 34 200 214
46651 6 34 0 128
46651 7 34 0 128
46651 8 34 0 128
46651 9 34 0 128
46651 10 18 0 128
46851 5 27 203 214
46651 6 27 0 128
46651 7 27 0 128
219 0
61271 24 22 150 0
220 0
221 0
51338 110 6 152 0
51314 78 38 153 0
51314 110 22 154 0
222 0
46959 5 11 2 0
223 0
46851 4 14 223 215
46651 5 14 0 128
46651 6 14 0 128
46651 7 14 0 128
46651 8 14 0 128
46651 9 14 0 128
46651 10 14 0 128
46651 11 14 0 128
56140 1 38 155 0
56146 1 41 155 0
56136 1 39 155 0
61315 28 6 151 0
223 1
46851 4 14 223 215
46651 5 14 0 128
46651 6 14 0 128
46651 7 14 0 128
46651 8 14 0 128
46651 9 14 0 128
46651 10 14 0 128
46651 11 14 0 128
56140 1 38 155 0
56146 1 41 155 0
56136 1 39 155 0
61315 28 6 151 0
224 0
61143 50 5 152 0
225 0
46959 7 11 3 0
226 0
46827 8 10 153 0
227 0
228 0
229 0
229 1
230 0
46851 16 41 81 217
46851 11 41 86 217
46663 11 40 0 128
46663 11 39 0 128
46663 11 38 0 128
46851 14 41 91 217
51272 1 22 156 0
231 0
51272 1 6 157 4
231 1
51272 1 6 157 4
232 0
61295 4 8 154 0
233 0
46815 8 10 155 0
234 0
235 0
236 0
51266 30 6 158 0
51272 1 22 159 0
57189 2 11 2 136
57177 2 18 4 136
57201 29 15 6 136
57201 29 21 8 136
236 1
51266 30 6 158 0
51272 1 22 159 0
57189 2 11 2 136
57177 2 18 4 136
57201 29 15 6 136
57201 29 21 8 136
237 0
46859 6 44 0 128
238 0
56132 8 8 18 0
51272 1 6 160 12
238 1
56132 8 8 18 0
51272 1 6 160 12
239 0
56132 8 8 20 0
51266 14 22 161 12
239 1
56132 8 8 20 0
51266 14 22 161 12
240 0
56132 8 8 22 0
51266 94 6 162 12
240 1
56132 8 8 22 0
51266 94 6 162 12
241 0
56132 8 8 24 0
51278 6 30 163 12
241 1
56132 8 8 24 0
51278 6 30 163 12
242 0
242 1
243 0
51266 30 6 164 144
51272 1 6 165 12
243 1
51266 30 6 164 144
51272 1 6 165 12
244 0
51266 62 6 166 144
244 1
51266 62 6 166 144
245 0
51338 14 22 167 0
246 0
46827 8 10 156 0
46815 6 10 157 0
247 0
55006 9 5 0 128
247 1
55006 9 5 0 128
247 2
55006 9 5 0 128
248 0
56154 62 6 168 0
56160 62 9 168 0
56150 62 7 168 0
249 0
51344 1 38 169 0
250 0
46959 5 11 0 0
251 0
56132 8 8 0 0
51402 31 6 0 128
252 0
56132 8 8 2 0
51284 6 3 170 144
253 0
56132 8 8 4 0
51272 1 22 171 144
254 0
56132 8 8 6 0
51272 1 54 172 144
255 0
46959 7 11 1 0
256 0
256 1
257 0
257 1
258 0
258 1
259 0
259 1
260 0
260 1
261 0
261 1
262 0
46851 30 40 176 146
46663 30 39 0 128
46663 30 38 0 128
46663 30 37 0 128
51314 142 70 0 0
51290 142 22 1 0
